Mutation	G446S	N460K	K444T	F486A	E484V	V445A	G339H	K444R	N450D	L517F	K444N	S494P	R346I	R346S	G446D	S477N	V445F	E484S	R346K	P479L	R403K	L452Q	E471Q	T430I	S375F	T478R	G446V	D427Y	Y505H	D420N	G339Y	E406Q	K444M	T478E	G476S	L455F	S366A
BA.5	0.058823529	0.049019608	0.039215686	0.029411765	0.029411765	0.029411765	0.029411765	0.029411765	0.029411765	0.019607843	0.019607843	0.019607843	0.019607843	0.019607843	0.019607843	0.019607843	0.009803922	0.009803922	0.009803922	0.009803922	0.009803922	0.009803922	0	0	0	0	0	0	0	0	0	0	0	0	0	0	0
BA.4	0.006493506	0.012987013	0.032467532	0.006493506	0.038961039	0.019480519	0	0.064935065	0.012987013	0	0.090909091	0.006493506	0.038961039	0.032467532	0.032467532	0.019480519	0.006493506	0.012987013	0.006493506	0.025974026	0	0.019480519	0.019480519	0.019480519	0.012987013	0.012987013	0.006493506	0.006493506	0.006493506	0.006493506	0.006493506	0.006493506	0.006493506	0	0	0	0
BA.4.1	0.052631579	0.004048583	0.008097166	0	0.028340081	0.032388664	0	0.060728745	0.020242915	0.008097166	0.072874494	0.024291498	0.028340081	0.012145749	0.024291498	0.032388664	0.024291498	0.016194332	0.004048583	0.012145749	0	0.020242915	0	0.016194332	0.004048583	0.004048583	0.016194332	0	0.012145749	0.004048583	0.008097166	0	0.008097166	0.004048583	0.004048583	0	0
BA.5.1	0.022368421	0.006578947	0.013157895	0.005263158	0.028947368	0.013157895	0	0.052631579	0.019736842	0.009210526	0.065789474	0.017105263	0.036842105	0.015789474	0.014473684	0.032894737	0.023684211	0.009210526	0.002631579	0.003947368	0.001315789	0.014473684	0.001315789	0.010526316	0.009210526	0.019736842	0.011842105	0.001315789	0	0.011842105	0.007894737	0.006578947	0.010526316	0.001315789	0.001315789	0.005263158	0
BA.5.1.1	0.04109589	0	0.01369863	0.02739726	0.04109589	0.123287671	0	0.095890411	0.01369863	0	0.082191781	0	0.02739726	0.01369863	0.02739726	0.01369863	0	0.01369863	0.01369863	0.01369863	0	0	0.01369863	0.054794521	0	0.02739726	0.04109589	0	0	0	0.01369863	0	0	0	0	0	0
BA.5.1.10	0.035714286	0	0	0.035714286	0.035714286	0.035714286	0	0.089285714	0	0.035714286	0.017857143	0.017857143	0.017857143	0	0.035714286	0.017857143	0	0.017857143	0	0.017857143	0	0	0.035714286	0.017857143	0	0	0	0	0	0.017857143	0.035714286	0	0	0.017857143	0	0	0
BA.5.1.22	0.016666667	0	0.016666667	0	0.033333333	0.016666667	0	0.05	0.016666667	0	0.016666667	0	0.083333333	0	0.016666667	0.033333333	0.016666667	0.033333333	0.016666667	0	0	0	0	0.033333333	0.033333333	0.016666667	0.016666667	0	0.033333333	0.016666667	0	0	0	0	0.016666667	0	0
BA.5.1.23	0.033898305	0	0	0	0.050847458	0.084745763	0	0.050847458	0.016949153	0	0.101694915	0	0.06779661	0.016949153	0.033898305	0.016949153	0.033898305	0	0.016949153	0	0	0	0	0.016949153	0	0	0.050847458	0	0	0	0	0	0.033898305	0	0	0	0
BA.5.1.30	0.032258065	0	0.016129032	0	0.096774194	0.032258065	0	0.096774194	0.032258065	0	0.032258065	0.016129032	0.032258065	0.016129032	0	0.016129032	0.016129032	0.016129032	0.016129032	0.016129032	0	0	0	0.016129032	0.016129032	0.016129032	0.016129032	0.032258065	0	0.016129032	0.032258065	0	0.032258065	0	0	0	0
BA.5.2	0.033557047	0.009395973	0.008053691	0.008053691	0.024161074	0.037583893	0.001342282	0.026845638	0.02147651	0.009395973	0.053691275	0.025503356	0.036241611	0.02147651	0.034899329	0.022818792	0.024161074	0.008053691	0.012080537	0.012080537	0	0.008053691	0.006711409	0.006711409	0.010738255	0.012080537	0.018791946	0.001342282	0	0.014765101	0.008053691	0.005369128	0.008053691	0.010738255	0.009395973	0.006711409	0
BA.5.2.1	0.020696143	0.010348071	0.012229539	0.009407338	0.025399812	0.030103481	0	0.053621825	0.014111007	0.012229539	0.086547507	0.018814675	0.020696143	0.012229539	0.016933208	0.026340546	0.032925682	0.008466604	0.002822201	0.012229539	0.000940734	0.006585136	0.005644403	0.024459078	0.004703669	0.012229539	0.016933208	0.001881468	0.002822201	0.014111007	0.009407338	0.003762935	0.012229539	0.00752587	0.00752587	0.003762935	0
BA.5.2.20	0.027027027	0.013513514	0	0	0.013513514	0.027027027	0	0.081081081	0.040540541	0	0	0.054054054	0.081081081	0	0.027027027	0.027027027	0.013513514	0	0	0.013513514	0	0.054054054	0.013513514	0.013513514	0.013513514	0.027027027	0.013513514	0.013513514	0	0.013513514	0.013513514	0	0	0	0	0.013513514	0
BA.5.2.9	0.016806723	0	0.008403361	0.008403361	0.033613445	0.050420168	0	0.084033613	0.033613445	0	0.134453782	0.016806723	0.042016807	0	0.025210084	0.016806723	0.025210084	0.008403361	0	0	0	0.008403361	0.016806723	0.008403361	0.016806723	0.033613445	0.008403361	0.008403361	0.008403361	0.008403361	0	0	0.008403361	0	0.008403361	0	0
BA.5.5	0.027355623	0.009118541	0.021276596	0	0.024316109	0.03343465	0	0.042553191	0.021276596	0.006079027	0.09118541	0.027355623	0.015197568	0.024316109	0.024316109	0.024316109	0.006079027	0.018237082	0.009118541	0.009118541	0	0	0.003039514	0.021276596	0.003039514	0.018237082	0.018237082	0.006079027	0.006079027	0	0.015197568	0.003039514	0.006079027	0.006079027	0.015197568	0.006079027	0
BA.5.6	0.025531915	0	0.012765957	0.008510638	0.046808511	0.05106383	0.004255319	0.085106383	0.008510638	0.004255319	0.072340426	0.029787234	0.021276596	0.021276596	0.017021277	0.025531915	0.017021277	0.004255319	0.008510638	0	0	0.004255319	0.004255319	0.029787234	0.004255319	0.004255319	0.008510638	0	0.008510638	0.017021277	0.004255319	0	0.008510638	0.008510638	0.012765957	0	0
BE.1	0.074626866	0	0.007462687	0	0.014925373	0.029850746	0	0.044776119	0.014925373	0.007462687	0.111940299	0.014925373	0.007462687	0.037313433	0.007462687	0.02238806	0.029850746	0	0.007462687	0	0	0.014925373	0.007462687	0.02238806	0.007462687	0.007462687	0.007462687	0	0	0	0.014925373	0.007462687	0.029850746	0	0	0	0
BE.1.1	0.026143791	0.013071895	0.026143791	0.013071895	0.026143791	0.026143791	0.006535948	0.058823529	0.019607843	0	0.032679739	0.032679739	0.045751634	0.019607843	0.006535948	0.006535948	0.032679739	0.006535948	0.032679739	0	0	0	0	0.019607843	0.013071895	0.019607843	0.026143791	0.006535948	0	0	0.006535948	0.006535948	0.026143791	0	0.006535948	0	0
BE.3	0.046875	0	0.03125	0	0.03125	0.046875	0.015625	0.03125	0.03125	0.015625	0.09375	0.03125	0.015625	0	0	0.015625	0.03125	0	0	0	0	0	0	0.015625	0	0.015625	0.015625	0.015625	0	0	0	0	0.0625	0.046875	0	0	0
BF.10	0.064516129	0	0.006451613	0	0.006451613	0.04516129	0	0.058064516	0	0.006451613	0.051612903	0.025806452	0.019354839	0.012903226	0.012903226	0.058064516	0.038709677	0.006451613	0	0.006451613	0	0.019354839	0.006451613	0.025806452	0.006451613	0.006451613	0.019354839	0	0	0.006451613	0.006451613	0.006451613	0.032258065	0	0.006451613	0.012903226	0
BF.26	0.0125	0.0125	0	0.0125	0.0125	0.0375	0	0.05	0.05	0	0.125	0.075	0.0125	0.0625	0.025	0.025	0.0375	0	0	0.0125	0	0	0	0.0125	0.025	0	0.025	0	0	0	0	0.0125	0	0.0125	0	0	0
BF.5	0.017391304	0	0.026086957	0.008695652	0.034782609	0.052173913	0	0.07826087	0.017391304	0.008695652	0.060869565	0.017391304	0.043478261	0.017391304	0.008695652	0.017391304	0.043478261	0	0	0.017391304	0	0	0.017391304	0.008695652	0.017391304	0	0	0.008695652	0	0.008695652	0	0	0	0	0.008695652	0	0
CHN_BA524849	0.063380282	0.003521127	0.003521127	0.003521127	0.045774648	0.021126761	0.003521127	0.028169014	0.014084507	0	0.017605634	0.035211268	0.014084507	0.007042254	0.035211268	0.014084507	0.003521127	0.017605634	0.003521127	0.014084507	0.035211268	0.031690141	0.003521127	0.003521127	0.007042254	0.01056338	0.01056338	0	0.003521127	0.003521127	0.014084507	0.01056338	0.007042254	0.003521127	0.003521127	0.003521127	0.003521127
BF.7	0.025	0.016666667	0.008333333	0.008333333	0.016666667	0.008333333	0	0.016666667	0	0	0.041666667	0.05	0	0	0.008333333	0.025	0.041666667	0.016666667	0	0.008333333	0	0.008333333	0.008333333	0.016666667	0.016666667	0.016666667	0	0.008333333	0	0.041666667	0.008333333	0	0	0.008333333	0.008333333	0.008333333	0
BQ.1	0.011538462	0.019230769	0.023076923	0.019230769	0.023076923	0.019230769	0	0	0	0.003846154	0	0.011538462	0.003846154	0.019230769	0	0.015384615	0.003846154	0.007692308	0.007692308	0.015384615	0.007692308	0.007692308	0	0.015384615	0.003846154	0.007692308	0.015384615	0.003846154	0.003846154	0.003846154	0.007692308	0	0.046153846	0	0.023076923	0.011538462	0
BQ.1.1	0.016286645	0.016286645	0.009771987	0.017915309	0.017915309	0.011400651	0.001628664	0.001628664	0	0.001628664	0	0.016286645	0.019543974	0	0.001628664	0.027687296	0.008143322	0.004885993	0.003257329	0.034201954	0	0	0	0.01465798	0.011400651	0.027687296	0.001628664	0.003257329	0.004885993	0.003257329	0.001628664	0	0.037459283	0.006514658	0.01465798	0.011400651	0
BA.4.6	0.024922118	0.003115265	0.009345794	0.021806854	0.040498442	0.040498442	0	0.031152648	0.003115265	0.009345794	0.046728972	0.046728972	0.012461059	0	0	0.021806854	0.024922118	0.003115265	0	0.018691589	0	0.009345794	0	0.021806854	0.003115265	0.028037383	0.009345794	0	0.009345794	0.024922118	0.003115265	0.00623053	0.003115265	0.009345794	0.015576324	0.00623053	0
CHN_BF714	0.081081081	0	0	0	0.040540541	0.027027027	0.040540541	0	0	0	0	0.027027027	0.013513514	0	0	0.027027027	0	0	0	0	0.040540541	0.013513514	0.013513514	0.027027027	0.013513514	0.013513514	0.013513514	0	0	0	0.013513514	0.040540541	0	0	0	0.040540541	0.040540541
