Mutation	BA.5.2	BA.4	BA.4.1	BA.5	BA.5.1	BA.5.1.1	BA.5.1.10	BA.5.1.22	BA.5.1.23	BA.5.1.30	BA.5.2	BA.5.2.1	BA.5.2.20	BA.5.2.9	BA.5.5	BA.5.6	BE.1	BE.1.1	BE.3	BF.10	BF.26	BF.5	CHN_BA524849
K444N	0.0536912751677852	0.0909090909090909	0.0728744939271255	0.0196078431372549	0.0657894736842105	0.0821917808219178	0.0178571428571429	0.0166666666666667	0.101694915254237	0.032258064516129	0.0536912751677852	0.0865475070555033	0	0.134453781512605	0.0911854103343465	0.0723404255319149	0.111940298507463	0.0326797385620915	0.09375	0.0516129032258065	0.125	0.0608695652173913	0.0176056338028169
V445A	0.0375838926174497	0.0194805194805195	0.0323886639676113	0.0294117647058824	0.0131578947368421	0.123287671232877	0.0357142857142857	0.0166666666666667	0.0847457627118644	0.032258064516129	0.0375838926174497	0.0301034807149577	0.027027027027027	0.0504201680672269	0.033434650455927	0.051063829787234	0.0298507462686567	0.0261437908496732	0.046875	0.0451612903225806	0.0375	0.0521739130434783	0.0211267605633803
R346I	0.036241610738255	0.038961038961039	0.0283400809716599	0.0196078431372549	0.0368421052631579	0.0273972602739726	0.0178571428571429	0.0833333333333333	0.0677966101694915	0.032258064516129	0.036241610738255	0.0206961429915334	0.0810810810810811	0.0420168067226891	0.0151975683890578	0.0212765957446809	0.00746268656716418	0.0457516339869281	0.015625	0.0193548387096774	0.0125	0.0434782608695652	0.0140845070422535
G446D	0.0348993288590604	0.0324675324675325	0.0242914979757085	0.0196078431372549	0.0144736842105263	0.0273972602739726	0.0357142857142857	0.0166666666666667	0.0338983050847458	0	0.0348993288590604	0.0169332079021637	0.027027027027027	0.0252100840336134	0.0243161094224924	0.0170212765957447	0.00746268656716418	0.0065359477124183	0	0.0129032258064516	0.025	0.00869565217391304	0.0352112676056338
G446S	0.0335570469798658	0.00649350649350649	0.0526315789473684	0.0588235294117647	0.0223684210526316	0.0410958904109589	0.0357142857142857	0.0166666666666667	0.0338983050847458	0.032258064516129	0.0335570469798658	0.0206961429915334	0.027027027027027	0.0168067226890756	0.027355623100304	0.025531914893617	0.0746268656716418	0.0261437908496732	0.046875	0.0645161290322581	0.0125	0.0173913043478261	0.0633802816901408
R346T	0.0295302013422819	0.0974025974025974	0.0202429149797571	0.137254901960784	0.0802631578947368	0.0410958904109589	0.0535714285714286	0.166666666666667	0.0508474576271186	0	0.0295302013422819	0.0498588899341486	0.027027027027027	0.0420168067226891	0.0486322188449848	0.0425531914893617	0.0373134328358209	0.065359477124183	0.03125	0.0258064516129032	0.0625	0.0521739130434783	0.0633802816901408
K444R	0.0268456375838926	0.0649350649350649	0.0607287449392713	0.0294117647058824	0.0526315789473684	0.0958904109589041	0.0892857142857143	0.05	0.0508474576271186	0.0967741935483871	0.0268456375838926	0.0536218250235183	0.0810810810810811	0.0840336134453782	0.0425531914893617	0.0851063829787234	0.0447761194029851	0.0588235294117647	0.03125	0.0580645161290323	0.05	0.0782608695652174	0.028169014084507
S494P	0.025503355704698	0.00649350649350649	0.0242914979757085	0.0196078431372549	0.0171052631578947	0	0.0178571428571429	0	0	0.0161290322580645	0.025503355704698	0.0188146754468485	0.0540540540540541	0.0168067226890756	0.027355623100304	0.0297872340425532	0.0149253731343284	0.0326797385620915	0.03125	0.0258064516129032	0.075	0.0173913043478261	0.0352112676056338
V445F	0.0241610738255034	0.00649350649350649	0.0242914979757085	0.00980392156862745	0.0236842105263158	0	0	0.0166666666666667	0.0338983050847458	0.0161290322580645	0.0241610738255034	0.0329256820319849	0.0135135135135135	0.0252100840336134	0.0060790273556231	0.0170212765957447	0.0298507462686567	0.0326797385620915	0.03125	0.0387096774193548	0.0375	0.0434782608695652	0.00352112676056338
E484V	0.0241610738255034	0.038961038961039	0.0283400809716599	0.0294117647058824	0.0289473684210526	0.0410958904109589	0.0357142857142857	0.0333333333333333	0.0508474576271186	0.0967741935483871	0.0241610738255034	0.0253998118532455	0.0135135135135135	0.0336134453781513	0.0243161094224924	0.0468085106382979	0.0149253731343284	0.0261437908496732	0.03125	0.00645161290322581	0.0125	0.0347826086956522	0.0457746478873239
S477N	0.0228187919463087	0.0194805194805195	0.0323886639676113	0.0196078431372549	0.0328947368421053	0.0136986301369863	0.0178571428571429	0.0333333333333333	0.0169491525423729	0.0161290322580645	0.0228187919463087	0.026340545625588	0.027027027027027	0.0168067226890756	0.0243161094224924	0.025531914893617	0.0223880597014925	0.0065359477124183	0.015625	0.0580645161290323	0.025	0.0173913043478261	0.0140845070422535
R346S	0.0214765100671141	0.0324675324675325	0.0121457489878543	0.0196078431372549	0.0157894736842105	0.0136986301369863	0	0	0.0169491525423729	0.0161290322580645	0.0214765100671141	0.0122295390404516	0	0	0.0243161094224924	0.0212765957446809	0.0373134328358209	0.0196078431372549	0	0.0129032258064516	0.0625	0.0173913043478261	0.00704225352112676
N450D	0.0214765100671141	0.012987012987013	0.0202429149797571	0.0294117647058824	0.0197368421052632	0.0136986301369863	0	0.0166666666666667	0.0169491525423729	0.032258064516129	0.0214765100671141	0.0141110065851364	0.0405405405405405	0.0336134453781513	0.0212765957446809	0.00851063829787234	0.0149253731343284	0.0196078431372549	0.03125	0	0.05	0.0173913043478261	0.0140845070422535
G446V	0.0187919463087248	0.00649350649350649	0.0161943319838057	0	0.0118421052631579	0.0410958904109589	0	0.0166666666666667	0.0508474576271186	0.0161290322580645	0.0187919463087248	0.0169332079021637	0.0135135135135135	0.00840336134453781	0.0182370820668693	0.00851063829787234	0.00746268656716418	0.0261437908496732	0.015625	0.0193548387096774	0.025	0	0.0105633802816901
R346K	0.0120805369127517	0.00649350649350649	0.00404858299595142	0.00980392156862745	0.00263157894736842	0.0136986301369863	0	0.0166666666666667	0.0169491525423729	0.0161290322580645	0.0120805369127517	0.00282220131702728	0	0	0.00911854103343465	0.00851063829787234	0.00746268656716418	0.0326797385620915	0	0	0	0	0.00352112676056338
S375F	0.010738255033557	0.012987012987013	0.00404858299595142	0	0.00921052631578947	0	0	0.0333333333333333	0	0.0161290322580645	0.010738255033557	0.00470366886171214	0.0135135135135135	0.0168067226890756	0.00303951367781155	0.00425531914893617	0.00746268656716418	0.0130718954248366	0	0.00645161290322581	0.025	0.0173913043478261	0.00704225352112676
T478E	0.010738255033557	0	0.00404858299595142	0	0.00131578947368421	0	0.0178571428571429	0	0	0	0.010738255033557	0.00752587017873942	0	0	0.0060790273556231	0.00851063829787234	0	0	0.046875	0	0.0125	0	0.00352112676056338
L517F	0.00939597315436242	0	0.00809716599190283	0.0196078431372549	0.00921052631578947	0	0.0357142857142857	0	0	0	0.00939597315436242	0.0122295390404516	0	0	0.0060790273556231	0.00425531914893617	0.00746268656716418	0	0.015625	0.00645161290322581	0	0.00869565217391304	0
N460K	0.00939597315436242	0.012987012987013	0.00404858299595142	0.0490196078431373	0.00657894736842105	0	0	0	0	0	0.00939597315436242	0.0103480714957667	0.0135135135135135	0	0.00911854103343465	0	0	0.0130718954248366	0	0	0.0125	0	0.00352112676056338
F486A	0.00805369127516779	0.00649350649350649	0	0.0294117647058824	0.00526315789473684	0.0273972602739726	0.0357142857142857	0	0	0	0.00805369127516779	0.00940733772342427	0	0.00840336134453781	0	0.00851063829787234	0	0.0130718954248366	0	0	0.0125	0.00869565217391304	0.00352112676056338
K444M	0.00805369127516779	0.00649350649350649	0.00809716599190283	0	0.0105263157894737	0	0	0	0.0338983050847458	0.032258064516129	0.00805369127516779	0.0122295390404516	0	0.00840336134453781	0.0060790273556231	0.00851063829787234	0.0298507462686567	0.0261437908496732	0.0625	0.032258064516129	0	0	0.00704225352112676
E484S	0.00805369127516779	0.012987012987013	0.0161943319838057	0.00980392156862745	0.00921052631578947	0.0136986301369863	0.0178571428571429	0.0333333333333333	0	0.0161290322580645	0.00805369127516779	0.00846660395108184	0	0.00840336134453781	0.0182370820668693	0.00425531914893617	0	0.0065359477124183	0	0.00645161290322581	0	0	0.0176056338028169
G339Y	0.00805369127516779	0.00649350649350649	0.00809716599190283	0	0.00789473684210526	0.0136986301369863	0.0357142857142857	0	0	0.032258064516129	0.00805369127516779	0.00940733772342427	0.0135135135135135	0	0.0151975683890578	0.00425531914893617	0.0149253731343284	0.0065359477124183	0	0.00645161290322581	0	0	0.0140845070422535
L452Q	0.00805369127516779	0.0194805194805195	0.0202429149797571	0.00980392156862745	0.0144736842105263	0	0	0	0	0	0.00805369127516779	0.00658513640639699	0.0540540540540541	0.00840336134453781	0	0.00425531914893617	0.0149253731343284	0	0	0.0193548387096774	0	0	0.0316901408450704
K444T	0.00805369127516779	0.0324675324675325	0.00809716599190283	0.0392156862745098	0.0131578947368421	0.0136986301369863	0	0.0166666666666667	0	0.0161290322580645	0.00805369127516779	0.0122295390404516	0	0.00840336134453781	0.0212765957446809	0.0127659574468085	0.00746268656716418	0.0261437908496732	0.03125	0.00645161290322581	0	0.0260869565217391	0.00352112676056338
E471Q	0.00671140939597315	0.0194805194805195	0	0	0.00131578947368421	0.0136986301369863	0.0357142857142857	0	0	0	0.00671140939597315	0.00564440263405456	0.0135135135135135	0.0168067226890756	0.00303951367781155	0.00425531914893617	0.00746268656716418	0	0	0.00645161290322581	0	0.0173913043478261	0.00352112676056338
T430I	0.00671140939597315	0.0194805194805195	0.0161943319838057	0	0.0105263157894737	0.0547945205479452	0.0178571428571429	0.0333333333333333	0.0169491525423729	0.0161290322580645	0.00671140939597315	0.0244590780809031	0.0135135135135135	0.00840336134453781	0.0212765957446809	0.0297872340425532	0.0223880597014925	0.0196078431372549	0.015625	0.0258064516129032	0.0125	0.00869565217391304	0.00352112676056338
G339H	0.00134228187919463	0	0	0.0294117647058824	0	0	0	0	0	0	0.00134228187919463	0	0	0	0	0.00425531914893617	0	0.0065359477124183	0.015625	0	0	0	0.00352112676056338
D427Y	0.00134228187919463	0.00649350649350649	0	0	0.00131578947368421	0	0	0	0	0.032258064516129	0.00134228187919463	0.00188146754468485	0.0135135135135135	0.00840336134453781	0.0060790273556231	0	0	0.0065359477124183	0.015625	0	0	0.00869565217391304	0
Y505H	0	0.00649350649350649	0.0121457489878543	0	0	0	0	0.0333333333333333	0	0	0	0.00282220131702728	0	0.00840336134453781	0.0060790273556231	0.00851063829787234	0	0	0	0	0	0	0.00352112676056338
R403K	0	0	0	0.00980392156862745	0.00131578947368421	0	0	0	0	0	0	0.000940733772342427	0	0	0	0	0	0	0	0	0	0	0.0352112676056338
L492K	0	0	0	0	0	0	0.0357142857142857	0	0	0	0	0	0	0	0	0	0	0	0	0	0	0	0
