Mutation	BA.5	BA.4	BA.4.1	BA.5.1	BA.5.1.1	BA.5.1.10	BA.5.1.22	BA.5.1.23	BA.5.1.30	BA.5.2	BA.5.2.1	BA.5.2.20	BA.5.2.9	BA.5.5	BA.5.6	BE.1	BE.1.1	BE.3	BF.10	BF.26	BF.5	CHN_BA524849	BF.7	BQ.1	BQ.1.1	BA.4.6	CHN_BF714
R346T	0.137254901960784	0.0974025974025974	0.0202429149797571	0.0802631578947368	0.0410958904109589	0.0535714285714286	0.166666666666667	0.0508474576271186	0	0.0295302013422819	0.0498588899341486	0.027027027027027	0.0420168067226891	0.0486322188449848	0.0425531914893617	0.0373134328358209	0.065359477124183	0.03125	0.0258064516129032	0.0625	0.0521739130434783	0.0633802816901408	0.0416666666666667	0.0423076923076923	0.00162866449511401	0.0155763239875389	0
G446S	0.0588235294117647	0.00649350649350649	0.0526315789473684	0.0223684210526316	0.0410958904109589	0.0357142857142857	0.0166666666666667	0.0338983050847458	0.032258064516129	0.0335570469798658	0.0206961429915334	0.027027027027027	0.0168067226890756	0.027355623100304	0.025531914893617	0.0746268656716418	0.0261437908496732	0.046875	0.0645161290322581	0.0125	0.0173913043478261	0.0633802816901408	0.025	0.0115384615384615	0.0162866449511401	0.0249221183800623	0.0810810810810811
N460K	0.0490196078431373	0.012987012987013	0.00404858299595142	0.00657894736842105	0	0	0	0	0	0.00939597315436242	0.0103480714957667	0.0135135135135135	0	0.00911854103343465	0	0	0.0130718954248366	0	0	0.0125	0	0.00352112676056338	0.0166666666666667	0.0192307692307692	0.0162866449511401	0.00311526479750779	0
K444T	0.0392156862745098	0.0324675324675325	0.00809716599190283	0.0131578947368421	0.0136986301369863	0	0.0166666666666667	0	0.0161290322580645	0.00805369127516779	0.0122295390404516	0	0.00840336134453781	0.0212765957446809	0.0127659574468085	0.00746268656716418	0.0261437908496732	0.03125	0.00645161290322581	0	0.0260869565217391	0.00352112676056338	0.00833333333333333	0.0230769230769231	0.00977198697068404	0.00934579439252336	0
F486A	0.0294117647058824	0.00649350649350649	0	0.00526315789473684	0.0273972602739726	0.0357142857142857	0	0	0	0.00805369127516779	0.00940733772342427	0	0.00840336134453781	0	0.00851063829787234	0	0.0130718954248366	0	0	0.0125	0.00869565217391304	0.00352112676056338	0.00833333333333333	0.0192307692307692	0.0179153094462541	0.0218068535825545	0
E484V	0.0294117647058824	0.038961038961039	0.0283400809716599	0.0289473684210526	0.0410958904109589	0.0357142857142857	0.0333333333333333	0.0508474576271186	0.0967741935483871	0.0241610738255034	0.0253998118532455	0.0135135135135135	0.0336134453781513	0.0243161094224924	0.0468085106382979	0.0149253731343284	0.0261437908496732	0.03125	0.00645161290322581	0.0125	0.0347826086956522	0.0457746478873239	0.0166666666666667	0.0230769230769231	0.0179153094462541	0.0404984423676012	0.0405405405405405
V445A	0.0294117647058824	0.0194805194805195	0.0323886639676113	0.0131578947368421	0.123287671232877	0.0357142857142857	0.0166666666666667	0.0847457627118644	0.032258064516129	0.0375838926174497	0.0301034807149577	0.027027027027027	0.0504201680672269	0.033434650455927	0.051063829787234	0.0298507462686567	0.0261437908496732	0.046875	0.0451612903225806	0.0375	0.0521739130434783	0.0211267605633803	0.00833333333333333	0.0192307692307692	0.011400651465798	0.0404984423676012	0.027027027027027
G339H	0.0294117647058824	0	0	0	0	0	0	0	0	0.00134228187919463	0	0	0	0	0.00425531914893617	0	0.0065359477124183	0.015625	0	0	0	0.00352112676056338	0	0	0.00162866449511401	0	0.0405405405405405
K444R	0.0294117647058824	0.0649350649350649	0.0607287449392713	0.0526315789473684	0.0958904109589041	0.0892857142857143	0.05	0.0508474576271186	0.0967741935483871	0.0268456375838926	0.0536218250235183	0.0810810810810811	0.0840336134453782	0.0425531914893617	0.0851063829787234	0.0447761194029851	0.0588235294117647	0.03125	0.0580645161290323	0.05	0.0782608695652174	0.028169014084507	0.0166666666666667	0	0.00162866449511401	0.0311526479750779	0
N450D	0.0294117647058824	0.012987012987013	0.0202429149797571	0.0197368421052632	0.0136986301369863	0	0.0166666666666667	0.0169491525423729	0.032258064516129	0.0214765100671141	0.0141110065851364	0.0405405405405405	0.0336134453781513	0.0212765957446809	0.00851063829787234	0.0149253731343284	0.0196078431372549	0.03125	0	0.05	0.0173913043478261	0.0140845070422535	0	0	0	0.00311526479750779	0
L517F	0.0196078431372549	0	0.00809716599190283	0.00921052631578947	0	0.0357142857142857	0	0	0	0.00939597315436242	0.0122295390404516	0	0	0.0060790273556231	0.00425531914893617	0.00746268656716418	0	0.015625	0.00645161290322581	0	0.00869565217391304	0	0	0.00384615384615385	0.00162866449511401	0.00934579439252336	0
K417N	0.0196078431372549	0	0	0.00131578947368421	0	0	0	0	0	0.00268456375838926	0.00188146754468485	0	0.0168067226890756	0.00303951367781155	0	0.0149253731343284	0	0	0	0.0125	0	0	0	0.00384615384615385	0.00162866449511401	0.00311526479750779	0
A522P	0.0196078431372549	0	0.00404858299595142	0.00131578947368421	0	0	0	0	0	0.00939597315436242	0.00658513640639699	0	0.00840336134453781	0	0	0.00746268656716418	0.0130718954248366	0	0	0	0.00869565217391304	0.00352112676056338	0	0.00769230769230769	0.00488599348534202	0	0
K444N	0.0196078431372549	0.0909090909090909	0.0728744939271255	0.0657894736842105	0.0821917808219178	0.0178571428571429	0.0166666666666667	0.101694915254237	0.032258064516129	0.0536912751677852	0.0865475070555033	0	0.134453781512605	0.0911854103343465	0.0723404255319149	0.111940298507463	0.0326797385620915	0.09375	0.0516129032258065	0.125	0.0608695652173913	0.0176056338028169	0.0416666666666667	0	0	0.0467289719626168	0
S494P	0.0196078431372549	0.00649350649350649	0.0242914979757085	0.0171052631578947	0	0.0178571428571429	0	0	0.0161290322580645	0.025503355704698	0.0188146754468485	0.0540540540540541	0.0168067226890756	0.027355623100304	0.0297872340425532	0.0149253731343284	0.0326797385620915	0.03125	0.0258064516129032	0.075	0.0173913043478261	0.0352112676056338	0.05	0.0115384615384615	0.0162866449511401	0.0467289719626168	0.027027027027027
R346I	0.0196078431372549	0.038961038961039	0.0283400809716599	0.0368421052631579	0.0273972602739726	0.0178571428571429	0.0833333333333333	0.0677966101694915	0.032258064516129	0.036241610738255	0.0206961429915334	0.0810810810810811	0.0420168067226891	0.0151975683890578	0.0212765957446809	0.00746268656716418	0.0457516339869281	0.015625	0.0193548387096774	0.0125	0.0434782608695652	0.0140845070422535	0	0.00384615384615385	0.0195439739413681	0.0124610591900312	0.0135135135135135
R346S	0.0196078431372549	0.0324675324675325	0.0121457489878543	0.0157894736842105	0.0136986301369863	0	0	0.0169491525423729	0.0161290322580645	0.0214765100671141	0.0122295390404516	0	0	0.0243161094224924	0.0212765957446809	0.0373134328358209	0.0196078431372549	0	0.0129032258064516	0.0625	0.0173913043478261	0.00704225352112676	0	0.0192307692307692	0	0	0
F486V	0.0196078431372549	0.00649350649350649	0.00404858299595142	0.00263157894736842	0	0	0	0	0	0.00134228187919463	0.000940733772342427	0	0	0.00303951367781155	0	0	0	0	0	0	0	0	0	0	0.00488599348534202	0	0
P521S	0.0196078431372549	0.00649350649350649	0.0121457489878543	0.00526315789473684	0.0136986301369863	0.0178571428571429	0	0.0169491525423729	0.0161290322580645	0.00402684563758389	0.00940733772342427	0	0	0.00303951367781155	0.00851063829787234	0	0.0065359477124183	0	0.00645161290322581	0	0.0260869565217391	0.00704225352112676	0.00833333333333333	0.00769230769230769	0.00814332247557003	0.0155763239875389	0
G446D	0.0196078431372549	0.0324675324675325	0.0242914979757085	0.0144736842105263	0.0273972602739726	0.0357142857142857	0.0166666666666667	0.0338983050847458	0	0.0348993288590604	0.0169332079021637	0.027027027027027	0.0252100840336134	0.0243161094224924	0.0170212765957447	0.00746268656716418	0.0065359477124183	0	0.0129032258064516	0.025	0.00869565217391304	0.0352112676056338	0.00833333333333333	0	0.00162866449511401	0	0
S477N	0.0196078431372549	0.0194805194805195	0.0323886639676113	0.0328947368421053	0.0136986301369863	0.0178571428571429	0.0333333333333333	0.0169491525423729	0.0161290322580645	0.0228187919463087	0.026340545625588	0.027027027027027	0.0168067226890756	0.0243161094224924	0.025531914893617	0.0223880597014925	0.0065359477124183	0.015625	0.0580645161290323	0.025	0.0173913043478261	0.0140845070422535	0.025	0.0153846153846154	0.0276872964169381	0.0218068535825545	0.027027027027027
V445F	0.00980392156862745	0.00649350649350649	0.0242914979757085	0.0236842105263158	0	0	0.0166666666666667	0.0338983050847458	0.0161290322580645	0.0241610738255034	0.0329256820319849	0.0135135135135135	0.0252100840336134	0.0060790273556231	0.0170212765957447	0.0298507462686567	0.0326797385620915	0.03125	0.0387096774193548	0.0375	0.0434782608695652	0.00352112676056338	0.0416666666666667	0.00384615384615385	0.00814332247557003	0.0249221183800623	0
F490L	0.00980392156862745	0	0	0	0.0136986301369863	0	0	0	0	0.00402684563758389	0.00282220131702728	0.0135135135135135	0	0	0	0.00746268656716418	0.0130718954248366	0.015625	0.00645161290322581	0.0125	0	0.00352112676056338	0.00833333333333333	0.00384615384615385	0.0130293159609121	0.00934579439252336	0
L518P	0.00980392156862745	0	0	0.00131578947368421	0	0	0	0	0	0	0	0	0	0.00911854103343465	0	0	0	0	0	0	0	0	0	0.00384615384615385	0.00325732899022801	0	0
F515L	0.00980392156862745	0	0	0.00394736842105263	0	0	0	0	0	0	0.000940733772342427	0	0	0	0	0	0	0	0	0	0	0	0	0	0	0	0
P491L	0.00980392156862745	0	0	0	0	0	0	0	0	0	0	0	0	0	0	0	0	0	0	0	0	0	0	0	0	0	0
S477D	0.00980392156862745	0	0.00404858299595142	0.00131578947368421	0	0	0.0166666666666667	0.0169491525423729	0	0.00268456375838926	0.00282220131702728	0	0.00840336134453781	0	0	0	0	0	0	0	0	0	0	0	0	0	0
N460S	0.00980392156862745	0	0.00404858299595142	0.00394736842105263	0	0.0178571428571429	0.0166666666666667	0	0.0161290322580645	0.0134228187919463	0.00470366886171214	0.0135135135135135	0.00840336134453781	0.0060790273556231	0.0170212765957447	0	0.0130718954248366	0	0.00645161290322581	0.0125	0.0173913043478261	0	0.00833333333333333	0	0	0.0155763239875389	0
N481K	0.00980392156862745	0	0.00404858299595142	0.00394736842105263	0	0	0	0	0	0.00536912751677852	0.000940733772342427	0.0135135135135135	0	0.0060790273556231	0	0.00746268656716418	0.0196078431372549	0.015625	0	0	0.00869565217391304	0	0	0	0.0179153094462541	0.00623052959501558	0
E484S	0.00980392156862745	0.012987012987013	0.0161943319838057	0.00921052631578947	0.0136986301369863	0.0178571428571429	0.0333333333333333	0	0.0161290322580645	0.00805369127516779	0.00846660395108184	0	0.00840336134453781	0.0182370820668693	0.00425531914893617	0	0.0065359477124183	0	0.00645161290322581	0	0	0.0176056338028169	0.0166666666666667	0.00769230769230769	0.00488599348534202	0.00311526479750779	0
V445D	0.00980392156862745	0	0	0	0	0	0	0	0	0	0	0	0	0	0	0	0	0	0	0	0	0	0	0	0	0	0
N354S	0.00980392156862745	0	0	0.00394736842105263	0	0	0	0	0	0	0.00188146754468485	0	0	0	0.00425531914893617	0	0	0	0	0.0125	0.00869565217391304	0.00704225352112676	0	0	0.00162866449511401	0.00311526479750779	0
R346K	0.00980392156862745	0.00649350649350649	0.00404858299595142	0.00263157894736842	0.0136986301369863	0	0.0166666666666667	0.0169491525423729	0.0161290322580645	0.0120805369127517	0.00282220131702728	0	0	0.00911854103343465	0.00851063829787234	0.00746268656716418	0.0326797385620915	0	0	0	0	0.00352112676056338	0	0.00769230769230769	0.00325732899022801	0	0
L452R	0.00980392156862745	0.00649350649350649	0	0.00526315789473684	0	0.0178571428571429	0.0166666666666667	0	0	0.00536912751677852	0.00376293508936971	0	0.0168067226890756	0.0121580547112462	0.00425531914893617	0.00746268656716418	0	0.015625	0	0	0.00869565217391304	0.00704225352112676	0.0166666666666667	0.00769230769230769	0.00651465798045603	0.00623052959501558	0
K356T	0.00980392156862745	0.00649350649350649	0.00809716599190283	0.0118421052631579	0.0136986301369863	0.0178571428571429	0	0.0169491525423729	0	0.010738255033557	0.00658513640639699	0.0135135135135135	0	0	0	0	0.0130718954248366	0	0	0	0.00869565217391304	0.0176056338028169	0	0.00384615384615385	0	0	0
S371F	0.00980392156862745	0	0.00404858299595142	0.00789473684210526	0	0	0	0	0	0.00805369127516779	0.00658513640639699	0	0.00840336134453781	0.00303951367781155	0.00425531914893617	0	0	0	0.0129032258064516	0	0.00869565217391304	0.00352112676056338	0.00833333333333333	0.0153846153846154	0.00651465798045603	0.00623052959501558	0
P337S	0.00980392156862745	0.00649350649350649	0	0.00657894736842105	0	0	0	0.0169491525423729	0.0161290322580645	0.00536912751677852	0.00188146754468485	0	0	0.00303951367781155	0	0	0	0	0	0	0.00869565217391304	0	0	0.00384615384615385	0	0.00623052959501558	0
A348S	0.00980392156862745	0	0.00404858299595142	0.00263157894736842	0	0	0	0	0.0161290322580645	0.00805369127516779	0.00940733772342427	0	0	0.00303951367781155	0.00851063829787234	0.00746268656716418	0.0065359477124183	0.015625	0	0	0	0	0.00833333333333333	0.00384615384615385	0.00651465798045603	0.0124610591900312	0.0135135135135135
V341I	0.00980392156862745	0	0	0.00263157894736842	0.0136986301369863	0	0.0166666666666667	0	0.0161290322580645	0.00134228187919463	0.000940733772342427	0	0.00840336134453781	0	0	0	0	0	0.00645161290322581	0	0.00869565217391304	0	0	0.00769230769230769	0.00162866449511401	0	0
A520S	0.00980392156862745	0.00649350649350649	0.00809716599190283	0.00394736842105263	0	0.0178571428571429	0	0.0338983050847458	0.0161290322580645	0.00268456375838926	0.00470366886171214	0.027027027027027	0	0	0.00425531914893617	0	0.0130718954248366	0	0.00645161290322581	0	0.00869565217391304	0.00352112676056338	0.00833333333333333	0.00384615384615385	0.00651465798045603	0.00311526479750779	0.0135135135135135
A522V	0.00980392156862745	0.00649350649350649	0.00404858299595142	0.00394736842105263	0.0136986301369863	0	0	0	0	0	0.00282220131702728	0	0.00840336134453781	0.00303951367781155	0.00425531914893617	0.00746268656716418	0.0065359477124183	0	0	0	0	0.00352112676056338	0	0.00384615384615385	0.011400651465798	0	0.0135135135135135
P479S	0.00980392156862745	0.00649350649350649	0	0.00131578947368421	0	0	0	0	0	0.00268456375838926	0.000940733772342427	0	0	0.00303951367781155	0.00425531914893617	0.00746268656716418	0.0065359477124183	0	0	0	0	0	0	0	0	0.00311526479750779	0
P479L	0.00980392156862745	0.025974025974026	0.0121457489878543	0.00394736842105263	0.0136986301369863	0.0178571428571429	0	0	0.0161290322580645	0.0120805369127517	0.0122295390404516	0.0135135135135135	0	0.00911854103343465	0	0	0	0	0.00645161290322581	0.0125	0.0173913043478261	0.0140845070422535	0.00833333333333333	0.0153846153846154	0.0342019543973941	0.0186915887850467	0
R357S	0.00980392156862745	0	0	0	0	0	0	0	0	0	0	0	0	0	0	0	0	0	0	0.0125	0	0	0	0.00384615384615385	0.00162866449511401	0	0
E340K	0.00980392156862745	0	0	0.00263157894736842	0.0136986301369863	0	0.0166666666666667	0.0169491525423729	0	0.00536912751677852	0.00564440263405456	0	0	0	0	0	0	0	0	0.0125	0.0173913043478261	0.00352112676056338	0.00833333333333333	0.00769230769230769	0.00488599348534202	0	0.027027027027027
N394D	0.00980392156862745	0	0	0.00131578947368421	0.0136986301369863	0	0	0	0	0	0.000940733772342427	0	0	0	0	0	0	0	0	0	0	0	0.00833333333333333	0	0	0.00311526479750779	0
N354K	0.00980392156862745	0	0	0.00263157894736842	0	0	0.0166666666666667	0	0	0	0.00282220131702728	0	0	0.00303951367781155	0	0.00746268656716418	0	0	0	0	0.00869565217391304	0	0.00833333333333333	0.0115384615384615	0.00325732899022801	0	0
R403K	0.00980392156862745	0	0	0.00131578947368421	0	0	0	0	0	0	0.000940733772342427	0	0	0	0	0	0	0	0	0	0	0.0352112676056338	0	0.00769230769230769	0	0	0.0405405405405405
I434L	0.00980392156862745	0	0	0	0	0	0	0	0	0	0	0	0	0.00303951367781155	0	0	0	0	0.00645161290322581	0	0	0.00352112676056338	0	0	0	0	0
L452Q	0.00980392156862745	0.0194805194805195	0.0202429149797571	0.0144736842105263	0	0	0	0	0	0.00805369127516779	0.00658513640639699	0.0540540540540541	0.00840336134453781	0	0.00425531914893617	0.0149253731343284	0	0	0.0193548387096774	0	0	0.0316901408450704	0.00833333333333333	0.00769230769230769	0	0.00934579439252336	0.0135135135135135
V483I	0.00980392156862745	0	0	0.00131578947368421	0	0	0.0166666666666667	0	0.0161290322580645	0.00268456375838926	0	0	0	0.00303951367781155	0	0	0	0	0.00645161290322581	0	0	0	0	0	0.00651465798045603	0	0
L368I	0.00980392156862745	0.00649350649350649	0	0	0	0	0	0	0	0.00134228187919463	0.000940733772342427	0	0	0	0	0	0	0	0	0	0	0	0	0	0.00162866449511401	0	0.0135135135135135
F490S	0.00980392156862745	0	0.00404858299595142	0.00394736842105263	0	0	0	0	0	0.00268456375838926	0.00376293508936971	0	0.00840336134453781	0.00911854103343465	0	0	0	0	0	0	0.0173913043478261	0	0	0.0192307692307692	0.00977198697068404	0.00623052959501558	0.0135135135135135
N460H	0.00980392156862745	0	0.00404858299595142	0.00131578947368421	0	0	0	0	0	0	0.00282220131702728	0	0	0	0.00425531914893617	0	0	0	0	0	0	0	0	0	0	0	0
E471Q	0	0.0194805194805195	0	0.00131578947368421	0.0136986301369863	0.0357142857142857	0	0	0	0.00671140939597315	0.00564440263405456	0.0135135135135135	0.0168067226890756	0.00303951367781155	0.00425531914893617	0.00746268656716418	0	0	0.00645161290322581	0	0.0173913043478261	0.00352112676056338	0.00833333333333333	0	0	0	0.0135135135135135
T430I	0	0.0194805194805195	0.0161943319838057	0.0105263157894737	0.0547945205479452	0.0178571428571429	0.0333333333333333	0.0169491525423729	0.0161290322580645	0.00671140939597315	0.0244590780809031	0.0135135135135135	0.00840336134453781	0.0212765957446809	0.0297872340425532	0.0223880597014925	0.0196078431372549	0.015625	0.0258064516129032	0.0125	0.00869565217391304	0.00352112676056338	0.0166666666666667	0.0153846153846154	0.0146579804560261	0.0218068535825545	0.027027027027027
V433I	0	0.012987012987013	0.00404858299595142	0.00263157894736842	0	0	0	0	0	0	0.00282220131702728	0	0	0	0	0	0	0	0	0	0	0	0	0.00384615384615385	0.00325732899022801	0.00311526479750779	0
T470I	0	0.012987012987013	0.0121457489878543	0.00526315789473684	0.0136986301369863	0.0178571428571429	0	0.0169491525423729	0	0.00536912751677852	0.00752587017873942	0.0135135135135135	0	0.0060790273556231	0.00425531914893617	0	0	0.015625	0.00645161290322581	0	0.0347826086956522	0.00704225352112676	0.0333333333333333	0.0153846153846154	0.011400651465798	0.0155763239875389	0
S375F	0	0.012987012987013	0.00404858299595142	0.00921052631578947	0	0	0.0333333333333333	0	0.0161290322580645	0.010738255033557	0.00470366886171214	0.0135135135135135	0.0168067226890756	0.00303951367781155	0.00425531914893617	0.00746268656716418	0.0130718954248366	0	0.00645161290322581	0.025	0.0173913043478261	0.00704225352112676	0.0166666666666667	0.00384615384615385	0.011400651465798	0.00311526479750779	0.0135135135135135
G482D	0	0.012987012987013	0.00404858299595142	0.00263157894736842	0.0136986301369863	0	0	0	0	0.00402684563758389	0.00282220131702728	0	0	0.0060790273556231	0	0.00746268656716418	0	0	0.0129032258064516	0.0125	0	0.00352112676056338	0	0	0.00325732899022801	0.00623052959501558	0
T478R	0	0.012987012987013	0.00404858299595142	0.0197368421052632	0.0273972602739726	0	0.0166666666666667	0	0.0161290322580645	0.0120805369127517	0.0122295390404516	0.027027027027027	0.0336134453781513	0.0182370820668693	0.00425531914893617	0.00746268656716418	0.0196078431372549	0.015625	0.00645161290322581	0	0	0.0105633802816901	0.0166666666666667	0.00769230769230769	0.0276872964169381	0.0280373831775701	0.0135135135135135
T470N	0	0.012987012987013	0.00404858299595142	0.00131578947368421	0	0	0	0	0	0.00402684563758389	0.000940733772342427	0	0	0	0	0	0	0	0.00645161290322581	0	0	0	0.00833333333333333	0.00384615384615385	0	0	0
E340D	0	0.012987012987013	0	0.00394736842105263	0	0	0	0.0338983050847458	0	0.00268456375838926	0.000940733772342427	0	0	0.00303951367781155	0	0	0.0065359477124183	0	0	0	0	0.00352112676056338	0	0.00384615384615385	0.00162866449511401	0	0
N448K	0	0.00649350649350649	0	0	0	0	0	0	0	0	0	0	0	0	0	0	0	0	0	0	0	0	0	0	0	0	0
L441F	0	0.00649350649350649	0	0.00263157894736842	0	0	0	0	0	0.00134228187919463	0.00188146754468485	0	0	0	0.00851063829787234	0	0.0065359477124183	0	0	0	0	0.00352112676056338	0	0.00769230769230769	0.00325732899022801	0	0
S375L	0	0.00649350649350649	0.00404858299595142	0	0	0	0	0	0.0161290322580645	0	0	0	0.00840336134453781	0.00303951367781155	0	0	0	0	0	0	0	0	0	0	0	0	0
T523S	0	0.00649350649350649	0	0	0	0	0	0	0	0	0	0	0	0	0	0	0	0	0	0	0	0	0	0	0	0	0
G381R	0	0.00649350649350649	0	0	0	0	0	0	0	0.00134228187919463	0	0	0	0	0	0	0	0	0	0	0	0	0	0	0	0	0
G446V	0	0.00649350649350649	0.0161943319838057	0.0118421052631579	0.0410958904109589	0	0.0166666666666667	0.0508474576271186	0.0161290322580645	0.0187919463087248	0.0169332079021637	0.0135135135135135	0.00840336134453781	0.0182370820668693	0.00851063829787234	0.00746268656716418	0.0261437908496732	0.015625	0.0193548387096774	0.025	0	0.0105633802816901	0	0.0153846153846154	0.00162866449511401	0.00934579439252336	0.0135135135135135
T393N	0	0.00649350649350649	0	0	0	0	0	0	0	0	0	0	0	0	0	0	0	0	0	0	0	0	0	0	0	0	0
N440R	0	0.00649350649350649	0.00404858299595142	0.00526315789473684	0	0	0	0	0	0.00268456375838926	0.00470366886171214	0	0	0.00303951367781155	0.00425531914893617	0	0	0	0.00645161290322581	0	0	0.0140845070422535	0	0.0115384615384615	0.00162866449511401	0	0.0135135135135135
A352D	0	0.00649350649350649	0	0.00131578947368421	0	0	0	0	0	0	0	0	0	0	0	0	0	0	0	0	0	0	0	0	0.00325732899022801	0	0
N354D	0	0.00649350649350649	0	0.00263157894736842	0	0	0	0	0	0.00536912751677852	0.00188146754468485	0	0	0.0060790273556231	0	0	0	0	0	0	0	0	0.00833333333333333	0.00769230769230769	0.00162866449511401	0	0
N370S	0	0.00649350649350649	0	0.00131578947368421	0	0	0	0.0169491525423729	0	0.00134228187919463	0	0	0	0	0	0	0.0065359477124183	0	0	0	0	0	0	0	0	0.00311526479750779	0
F456L	0	0.00649350649350649	0	0.00131578947368421	0	0.0178571428571429	0	0	0	0.00134228187919463	0.00188146754468485	0	0	0.00303951367781155	0	0	0	0	0.00645161290322581	0	0	0	0.00833333333333333	0.0153846153846154	0.00977198697068404	0.00623052959501558	0
S477K	0	0.00649350649350649	0	0.00131578947368421	0	0	0	0	0	0.00134228187919463	0.00282220131702728	0	0	0	0.00851063829787234	0.0149253731343284	0	0	0.00645161290322581	0.0125	0.00869565217391304	0	0	0	0.00162866449511401	0	0.027027027027027
H519Q	0	0.00649350649350649	0	0.00131578947368421	0	0.0178571428571429	0	0	0	0.00134228187919463	0.00188146754468485	0	0	0	0	0	0	0	0	0.0125	0	0.00352112676056338	0	0	0.00325732899022801	0	0
L335F	0	0.00649350649350649	0	0.00263157894736842	0	0	0	0	0	0.00134228187919463	0.000940733772342427	0	0	0.00303951367781155	0	0.00746268656716418	0	0	0	0	0	0	0	0	0.00488599348534202	0.00311526479750779	0
T376A	0	0.00649350649350649	0	0.00394736842105263	0	0	0.0166666666666667	0	0	0.00402684563758389	0.00282220131702728	0	0	0	0	0	0	0	0	0	0	0	0	0	0.00162866449511401	0	0
N501Y	0	0.00649350649350649	0	0.00263157894736842	0	0	0	0	0	0	0.000940733772342427	0	0.00840336134453781	0.0060790273556231	0	0.00746268656716418	0.0065359477124183	0	0.00645161290322581	0	0	0	0	0.00769230769230769	0.00325732899022801	0.00311526479750779	0
D427Y	0	0.00649350649350649	0	0.00131578947368421	0	0	0	0	0.032258064516129	0.00134228187919463	0.00188146754468485	0.0135135135135135	0.00840336134453781	0.0060790273556231	0	0	0.0065359477124183	0.015625	0	0	0.00869565217391304	0	0.00833333333333333	0.00384615384615385	0.00325732899022801	0	0
Y505H	0	0.00649350649350649	0.0121457489878543	0	0	0	0.0333333333333333	0	0	0	0.00282220131702728	0	0.00840336134453781	0.0060790273556231	0.00851063829787234	0	0	0	0	0	0	0.00352112676056338	0	0.00384615384615385	0.00488599348534202	0.00934579439252336	0
D420N	0	0.00649350649350649	0.00404858299595142	0.0118421052631579	0	0.0178571428571429	0.0166666666666667	0	0.0161290322580645	0.0147651006711409	0.0141110065851364	0.0135135135135135	0.00840336134453781	0	0.0170212765957447	0	0	0	0.00645161290322581	0	0.00869565217391304	0.00352112676056338	0.0416666666666667	0.00384615384615385	0.00325732899022801	0.0249221183800623	0
N501F	0	0.00649350649350649	0	0	0	0	0	0	0	0	0	0	0	0	0	0	0	0	0.00645161290322581	0	0	0	0	0	0	0	0
G339E	0	0.00649350649350649	0	0	0	0	0	0	0	0.00268456375838926	0	0	0	0	0	0	0	0	0.00645161290322581	0	0	0	0	0	0.00162866449511401	0	0
G339Y	0	0.00649350649350649	0.00809716599190283	0.00789473684210526	0.0136986301369863	0.0357142857142857	0	0	0.032258064516129	0.00805369127516779	0.00940733772342427	0.0135135135135135	0	0.0151975683890578	0.00425531914893617	0.0149253731343284	0.0065359477124183	0	0.00645161290322581	0	0	0.0140845070422535	0.00833333333333333	0.00769230769230769	0.00162866449511401	0.00311526479750779	0.0135135135135135
E406Q	0	0.00649350649350649	0	0.00657894736842105	0	0	0	0	0	0.00536912751677852	0.00376293508936971	0	0	0.00303951367781155	0	0.00746268656716418	0.0065359477124183	0	0.00645161290322581	0.0125	0	0.0105633802816901	0	0	0	0.00623052959501558	0.0405405405405405
A363T	0	0.00649350649350649	0	0	0	0	0	0	0	0	0	0	0	0	0	0	0	0	0	0	0	0	0	0	0	0	0
G485S	0	0.00649350649350649	0	0.00263157894736842	0	0	0	0	0	0.00268456375838926	0	0	0	0	0	0	0	0	0	0	0	0	0	0.00384615384615385	0.00488599348534202	0	0
A522S	0	0.00649350649350649	0	0.00657894736842105	0	0	0	0	0	0.00671140939597315	0.00752587017873942	0	0	0.00911854103343465	0.00425531914893617	0	0.0065359477124183	0.015625	0.00645161290322581	0	0	0.0105633802816901	0	0.0115384615384615	0.00488599348534202	0.00311526479750779	0.0135135135135135
N460Y	0	0.00649350649350649	0	0.0105263157894737	0	0	0	0.0169491525423729	0	0.00536912751677852	0.00940733772342427	0	0.00840336134453781	0.0060790273556231	0.0127659574468085	0	0.0065359477124183	0	0.00645161290322581	0	0.00869565217391304	0.00352112676056338	0.00833333333333333	0	0	0.0249221183800623	0
A475T	0	0.00649350649350649	0	0.00131578947368421	0	0	0	0	0	0.00134228187919463	0.000940733772342427	0	0	0	0.00425531914893617	0	0	0	0	0	0	0	0	0	0.00162866449511401	0.00311526479750779	0
Y369H	0	0.00649350649350649	0	0	0	0	0	0	0	0	0.000940733772342427	0.0135135135135135	0	0	0	0	0	0	0	0	0	0.00704225352112676	0	0	0	0	0.0135135135135135
S373P	0	0.00649350649350649	0	0.00131578947368421	0	0	0.0166666666666667	0	0	0	0.00470366886171214	0	0	0	0.00425531914893617	0.00746268656716418	0.0065359477124183	0	0.00645161290322581	0	0	0.00352112676056338	0	0	0.00488599348534202	0.00623052959501558	0.0135135135135135
A435S	0	0.00649350649350649	0.00809716599190283	0.00921052631578947	0	0	0	0	0	0.00671140939597315	0.00376293508936971	0.0135135135135135	0.0168067226890756	0.00911854103343465	0.00851063829787234	0	0	0	0	0	0	0	0	0	0	0	0
K444E	0	0.00649350649350649	0.00404858299595142	0.00131578947368421	0	0	0	0	0	0.00134228187919463	0.00188146754468485	0	0	0.00303951367781155	0	0	0.0065359477124183	0	0	0	0	0	0	0	0	0.00311526479750779	0
K444M	0	0.00649350649350649	0.00809716599190283	0.0105263157894737	0	0	0	0.0338983050847458	0.032258064516129	0.00805369127516779	0.0122295390404516	0	0.00840336134453781	0.0060790273556231	0.00851063829787234	0.0298507462686567	0.0261437908496732	0.0625	0.032258064516129	0	0	0.00704225352112676	0	0.0461538461538462	0.0374592833876222	0.00311526479750779	0
R357K	0	0.00649350649350649	0.00404858299595142	0.00394736842105263	0	0.0178571428571429	0	0	0	0.00268456375838926	0.00470366886171214	0	0.0168067226890756	0	0	0	0	0	0	0	0.00869565217391304	0	0	0.00384615384615385	0.00488599348534202	0	0
P463S	0	0	0.0202429149797571	0	0	0.0178571428571429	0	0	0	0.00268456375838926	0.000940733772342427	0	0	0	0.0170212765957447	0	0	0	0	0	0	0	0	0.00384615384615385	0.00814332247557003	0	0
V395E	0	0	0.0161943319838057	0	0	0	0	0	0	0.00134228187919463	0.00188146754468485	0	0	0	0	0	0	0	0	0	0	0	0	0	0	0	0
V483F	0	0	0.0121457489878543	0.00789473684210526	0.0136986301369863	0	0.0166666666666667	0.0169491525423729	0.0161290322580645	0.00805369127516779	0.00846660395108184	0	0	0.00303951367781155	0.00851063829787234	0.00746268656716418	0	0.015625	0.00645161290322581	0	0	0.00352112676056338	0	0.0115384615384615	0.00651465798045603	0.00934579439252336	0
E484A	0	0	0.0121457489878543	0.00263157894736842	0	0	0	0	0	0.00134228187919463	0.00188146754468485	0	0	0	0	0	0	0	0	0	0	0	0	0	0.00162866449511401	0	0
P384S	0	0	0.0121457489878543	0.00526315789473684	0.0136986301369863	0	0	0	0.0161290322580645	0.010738255033557	0.0103480714957667	0.027027027027027	0.0168067226890756	0.00303951367781155	0.00425531914893617	0.00746268656716418	0.0065359477124183	0	0.00645161290322581	0	0.0260869565217391	0.0105633802816901	0.025	0	0	0.0155763239875389	0.0135135135135135
V483A	0	0	0.0121457489878543	0.00131578947368421	0	0	0	0	0	0	0.000940733772342427	0	0	0.0060790273556231	0	0.00746268656716418	0	0	0	0	0	0	0	0	0.00488599348534202	0	0
C361T	0	0	0.0121457489878543	0	0	0	0	0	0	0	0	0	0	0	0	0	0	0	0	0	0	0	0	0	0	0	0
G482S	0	0	0.00809716599190283	0.00394736842105263	0	0	0	0	0	0.00402684563758389	0.00470366886171214	0	0	0	0	0	0	0.015625	0	0	0	0	0	0.0115384615384615	0.00814332247557003	0.00623052959501558	0
V445I	0	0	0.00809716599190283	0.00526315789473684	0	0	0	0	0	0.00805369127516779	0.00470366886171214	0	0.00840336134453781	0.0060790273556231	0	0	0	0	0	0	0.0260869565217391	0	0	0	0.00325732899022801	0	0
A344T	0	0	0.00809716599190283	0.00131578947368421	0	0	0	0	0.0161290322580645	0.00134228187919463	0.00282220131702728	0	0	0	0	0	0.0130718954248366	0	0	0	0	0	0.00833333333333333	0	0.00977198697068404	0.00623052959501558	0
L461I	0	0	0.00809716599190283	0	0	0	0	0	0	0.00134228187919463	0	0	0	0	0	0.0149253731343284	0	0	0	0	0	0	0	0	0	0.00623052959501558	0
T500S	0	0	0.00809716599190283	0	0.0136986301369863	0	0	0	0	0	0	0	0.00840336134453781	0	0	0.00746268656716418	0	0.015625	0	0	0	0	0	0.00384615384615385	0.00488599348534202	0.00311526479750779	0.0135135135135135
V362I	0	0	0.00404858299595142	0.00131578947368421	0	0.0178571428571429	0	0	0	0	0.000940733772342427	0	0	0	0.00425531914893617	0	0	0.015625	0	0.0125	0	0	0.00833333333333333	0	0	0	0
N460T	0	0	0.00404858299595142	0	0.0136986301369863	0	0	0	0	0	0	0	0	0.00303951367781155	0.00851063829787234	0	0	0	0	0	0.00869565217391304	0	0.00833333333333333	0	0	0.00311526479750779	0
K444Q	0	0	0.00404858299595142	0.00526315789473684	0	0	0	0	0	0.00134228187919463	0.00188146754468485	0.0135135135135135	0	0.00303951367781155	0.00851063829787234	0	0	0	0	0	0	0	0	0	0	0	0
E340V	0	0	0.00404858299595142	0	0	0	0	0	0	0.00134228187919463	0.00188146754468485	0	0	0	0	0	0	0	0	0	0	0	0	0	0.00162866449511401	0.00311526479750779	0
A520E	0	0	0.00404858299595142	0	0	0	0	0	0	0	0	0	0	0	0	0	0	0	0	0	0	0	0	0	0	0	0
T478E	0	0	0.00404858299595142	0.00131578947368421	0	0.0178571428571429	0	0	0	0.010738255033557	0.00752587017873942	0	0	0.0060790273556231	0.00851063829787234	0	0	0.046875	0	0.0125	0	0.00352112676056338	0.00833333333333333	0	0.00651465798045603	0.00934579439252336	0
K356R	0	0	0.00404858299595142	0	0.0136986301369863	0	0	0	0	0.00536912751677852	0	0	0	0.00303951367781155	0.00425531914893617	0	0.0065359477124183	0.015625	0	0	0	0	0	0.00384615384615385	0.00325732899022801	0	0
D428G	0	0	0.00404858299595142	0.00131578947368421	0	0	0	0	0	0.00134228187919463	0.00376293508936971	0	0.00840336134453781	0.00303951367781155	0.00425531914893617	0	0.0065359477124183	0	0	0	0.00869565217391304	0	0	0	0.00325732899022801	0.00623052959501558	0
T376V	0	0	0.00404858299595142	0	0	0	0	0	0	0	0.000940733772342427	0	0	0	0	0.00746268656716418	0	0	0.00645161290322581	0	0	0.0140845070422535	0	0	0.00162866449511401	0	0.027027027027027
I332V	0	0	0.00404858299595142	0	0	0	0	0	0	0	0.000940733772342427	0	0.00840336134453781	0	0	0	0	0	0	0	0	0.00352112676056338	0	0	0	0	0
T478I	0	0	0.00404858299595142	0.00526315789473684	0	0	0	0	0.0161290322580645	0.00268456375838926	0.000940733772342427	0	0	0	0.00425531914893617	0.00746268656716418	0	0	0	0	0.00869565217391304	0	0.00833333333333333	0.00769230769230769	0.0179153094462541	0.00934579439252336	0.0135135135135135
E484T	0	0	0.00404858299595142	0.00131578947368421	0	0	0	0	0	0.00268456375838926	0	0	0	0.00303951367781155	0	0.0149253731343284	0	0	0.00645161290322581	0	0	0.00704225352112676	0.00833333333333333	0.00769230769230769	0.00162866449511401	0.00311526479750779	0
Y489H	0	0	0.00404858299595142	0	0	0	0	0	0	0.00134228187919463	0.00282220131702728	0	0	0	0	0	0	0	0	0	0	0	0	0	0	0.00934579439252336	0
T478N	0	0	0.00404858299595142	0	0	0	0	0	0	0	0.000940733772342427	0	0	0	0	0	0.0065359477124183	0	0	0	0	0	0	0	0.00325732899022801	0.00311526479750779	0
T333S	0	0	0.00404858299595142	0	0	0	0	0	0	0	0	0	0	0	0	0	0	0	0	0	0	0	0	0	0	0	0
A522E	0	0	0.00404858299595142	0.00131578947368421	0	0	0	0	0	0	0	0	0	0	0.00425531914893617	0	0	0	0	0	0	0	0	0	0.00162866449511401	0	0
K417T	0	0	0.00404858299595142	0.00131578947368421	0	0	0	0	0	0.00134228187919463	0.00282220131702728	0	0.00840336134453781	0.0060790273556231	0	0.00746268656716418	0	0	0	0	0	0.00352112676056338	0	0	0	0	0
S359N	0	0	0.00404858299595142	0.00394736842105263	0	0	0	0	0	0.00268456375838926	0	0	0	0	0.00425531914893617	0	0	0	0.00645161290322581	0	0	0.00352112676056338	0	0	0.00325732899022801	0.00311526479750779	0
N481D	0	0	0.00404858299595142	0.00394736842105263	0	0	0	0	0	0	0	0	0	0.00303951367781155	0	0	0	0	0	0	0	0	0	0	0.00162866449511401	0	0
D389N	0	0	0.00404858299595142	0.00131578947368421	0	0	0.0166666666666667	0	0	0.00268456375838926	0.000940733772342427	0	0.00840336134453781	0	0	0	0	0	0	0	0	0	0	0	0	0	0
A475S	0	0	0.00404858299595142	0.00131578947368421	0	0	0	0	0	0.00134228187919463	0.00282220131702728	0	0	0.00911854103343465	0	0	0	0	0	0	0	0	0.0166666666666667	0.00769230769230769	0.00488599348534202	0.00934579439252336	0
I468T	0	0	0.00404858299595142	0	0	0	0	0	0	0	0	0	0	0	0	0	0	0	0	0	0	0	0	0	0	0	0
D389G	0	0	0.00404858299595142	0.00526315789473684	0	0	0	0	0.0161290322580645	0.00134228187919463	0.00188146754468485	0.027027027027027	0	0.00303951367781155	0.00425531914893617	0	0.0065359477124183	0	0	0	0	0	0	0	0	0	0
Q493K	0	0	0.00404858299595142	0.00131578947368421	0	0	0	0	0	0.00134228187919463	0.000940733772342427	0	0	0.00303951367781155	0	0	0	0	0	0	0	0.00704225352112676	0	0	0	0	0
I434V	0	0	0.00404858299595142	0.00526315789473684	0	0	0	0	0	0.00134228187919463	0.00188146754468485	0	0	0.00303951367781155	0.00425531914893617	0.00746268656716418	0	0.015625	0	0	0	0	0.00833333333333333	0	0.00162866449511401	0.00311526479750779	0
A363S	0	0	0.00404858299595142	0	0	0	0	0	0	0	0	0	0	0	0	0	0	0	0	0	0	0	0	0	0	0	0
S494T	0	0	0.00404858299595142	0	0	0	0	0	0	0	0	0	0	0	0.00425531914893617	0	0	0	0.00645161290322581	0.0125	0	0	0	0	0	0	0
Y453F	0	0	0.00404858299595142	0	0	0	0	0	0	0	0.000940733772342427	0	0	0	0	0	0	0.015625	0	0	0	0	0	0	0.00162866449511401	0	0
N481S	0	0	0.00404858299595142	0.00131578947368421	0	0	0	0	0.0161290322580645	0.00402684563758389	0.00282220131702728	0	0	0	0.00425531914893617	0	0	0	0	0	0	0.00704225352112676	0	0.00769230769230769	0.0130293159609121	0.00311526479750779	0.0135135135135135
G339N	0	0	0.00404858299595142	0	0	0	0	0	0	0	0	0	0	0	0	0	0	0	0	0	0	0.00352112676056338	0	0.00384615384615385	0.00651465798045603	0	0
F377L	0	0	0.00404858299595142	0	0	0	0	0	0	0	0	0	0	0	0	0	0	0	0	0	0	0	0	0	0	0	0
L513F	0	0	0.00404858299595142	0.00789473684210526	0	0.0178571428571429	0	0	0	0.00536912751677852	0.00376293508936971	0.0135135135135135	0	0	0	0	0	0	0	0.025	0	0.00352112676056338	0	0.00384615384615385	0.00651465798045603	0	0
G476S	0	0	0.00404858299595142	0.00131578947368421	0	0	0.0166666666666667	0	0	0.00939597315436242	0.00752587017873942	0	0.00840336134453781	0.0151975683890578	0.0127659574468085	0	0.0065359477124183	0	0.00645161290322581	0	0.00869565217391304	0.00352112676056338	0.00833333333333333	0.0230769230769231	0.0146579804560261	0.0155763239875389	0
Y495H	0	0	0.00404858299595142	0	0	0	0	0	0	0.00134228187919463	0	0	0	0	0	0	0	0	0	0	0	0	0	0	0	0	0
S494L	0	0	0.00404858299595142	0	0	0	0	0	0	0.00134228187919463	0	0	0	0.00303951367781155	0	0	0	0	0	0	0	0	0	0	0.00325732899022801	0	0
T385A	0	0	0.00404858299595142	0	0	0	0	0	0	0.00134228187919463	0.000940733772342427	0.0135135135135135	0	0	0	0	0	0	0	0	0	0.00352112676056338	0	0	0	0	0.0135135135135135
T333K	0	0	0.00404858299595142	0.00131578947368421	0.0136986301369863	0	0	0	0	0.00134228187919463	0	0	0.0168067226890756	0	0.00851063829787234	0	0	0	0	0	0	0	0	0	0	0	0
A344S	0	0	0.00404858299595142	0.00526315789473684	0	0.0178571428571429	0.0166666666666667	0.0169491525423729	0	0.00134228187919463	0.000940733772342427	0	0	0.0060790273556231	0.00425531914893617	0.00746268656716418	0.0065359477124183	0	0	0	0.00869565217391304	0.00352112676056338	0	0.00384615384615385	0.00488599348534202	0	0
V382L	0	0	0.00404858299595142	0.00131578947368421	0	0.0178571428571429	0	0	0	0.00402684563758389	0	0	0	0	0	0.0223880597014925	0	0	0.0129032258064516	0	0	0	0.0166666666666667	0.00769230769230769	0.00162866449511401	0.00311526479750779	0
E340Q	0	0	0.00404858299595142	0.00263157894736842	0	0	0.0166666666666667	0	0.0161290322580645	0.00268456375838926	0.00282220131702728	0.0135135135135135	0	0	0	0	0	0	0.00645161290322581	0	0	0	0.00833333333333333	0.00384615384615385	0.00488599348534202	0.00311526479750779	0.0135135135135135
S514F	0	0	0.00404858299595142	0	0	0	0	0	0	0	0.000940733772342427	0	0	0	0	0	0.0065359477124183	0	0	0	0	0	0.0166666666666667	0.00384615384615385	0.00814332247557003	0.00311526479750779	0
G339D	0	0	0	0.00526315789473684	0	0	0	0	0	0.00402684563758389	0.00282220131702728	0.0135135135135135	0.00840336134453781	0	0	0	0	0.015625	0	0	0	0	0	0	0.00325732899022801	0.00311526479750779	0
S459F	0	0	0	0.00526315789473684	0	0	0	0	0	0.00134228187919463	0.000940733772342427	0	0	0.00303951367781155	0.00425531914893617	0	0	0	0	0	0	0.00352112676056338	0	0	0.00325732899022801	0	0
L455F	0	0	0	0.00526315789473684	0	0	0	0	0	0.00671140939597315	0.00376293508936971	0.0135135135135135	0	0.0060790273556231	0	0	0	0	0.0129032258064516	0	0	0.00352112676056338	0.00833333333333333	0.0115384615384615	0.011400651465798	0.00623052959501558	0.0405405405405405
N439K	0	0	0	0.00394736842105263	0	0	0	0	0	0.00134228187919463	0	0	0.00840336134453781	0.00303951367781155	0	0	0	0	0	0	0	0	0	0.00384615384615385	0.00651465798045603	0	0
E484P	0	0	0	0.00394736842105263	0	0.0178571428571429	0	0	0	0.00268456375838926	0	0	0	0.00303951367781155	0.00425531914893617	0.00746268656716418	0.0065359477124183	0	0	0	0	0	0.00833333333333333	0	0.00162866449511401	0.00311526479750779	0.0135135135135135
E340A	0	0	0	0.00394736842105263	0	0	0	0	0	0	0.00188146754468485	0	0	0	0	0	0.0065359477124183	0	0	0	0	0	0	0	0	0	0
P521L	0	0	0	0.00394736842105263	0	0	0	0	0	0	0	0	0	0	0	0	0	0	0	0	0	0	0	0	0	0	0
P337L	0	0	0	0.00394736842105263	0	0	0	0	0	0	0	0	0	0.00303951367781155	0	0	0.0065359477124183	0	0	0	0	0	0	0.00769230769230769	0.00162866449511401	0	0
N460I	0	0	0	0.00394736842105263	0	0	0	0	0	0.00134228187919463	0.000940733772342427	0	0.00840336134453781	0	0.00851063829787234	0	0	0.015625	0	0	0	0	0	0	0	0.00311526479750779	0
N460A	0	0	0	0.00394736842105263	0	0	0	0	0	0	0	0	0	0	0	0	0	0	0	0	0	0	0	0	0	0	0
R346G	0	0	0	0.00394736842105263	0	0	0	0	0	0.00134228187919463	0.000940733772342427	0	0	0.00303951367781155	0	0	0	0	0	0	0	0.00352112676056338	0	0	0	0	0
V503F	0	0	0	0.00394736842105263	0	0	0	0	0	0	0	0	0	0	0	0	0	0	0	0	0	0.00352112676056338	0	0	0	0	0
K356N	0	0	0	0.00263157894736842	0	0	0	0	0	0	0	0	0	0	0	0	0	0	0	0	0	0	0	0.00384615384615385	0.00162866449511401	0	0
T500A	0	0	0	0.00263157894736842	0	0	0	0	0	0.00134228187919463	0.000940733772342427	0	0	0	0	0	0	0.015625	0	0	0	0	0	0	0.00325732899022801	0.00623052959501558	0.0135135135135135
Q493H	0	0	0	0.00263157894736842	0	0	0	0	0	0	0.00188146754468485	0	0	0	0	0	0	0	0	0	0	0.00352112676056338	0	0	0	0.00311526479750779	0.0135135135135135
T385I	0	0	0	0.00263157894736842	0	0	0	0	0	0.00134228187919463	0.00282220131702728	0	0	0.00303951367781155	0.00425531914893617	0	0	0	0	0	0	0.00704225352112676	0	0.0153846153846154	0.0146579804560261	0	0
K458N	0	0	0	0.00263157894736842	0	0	0	0	0	0	0	0	0	0.00303951367781155	0	0.00746268656716418	0	0	0	0	0	0	0	0	0	0.00311526479750779	0
T478K	0	0	0	0.00263157894736842	0	0	0	0	0	0	0.000940733772342427	0	0	0.00303951367781155	0	0	0	0	0	0	0.00869565217391304	0	0	0	0.00162866449511401	0	0
T333I	0	0	0	0.00263157894736842	0	0	0	0	0	0.00134228187919463	0.00188146754468485	0	0	0	0	0.00746268656716418	0	0	0	0.025	0	0	0.00833333333333333	0	0.00162866449511401	0.00311526479750779	0
Q498R	0	0	0	0.00263157894736842	0	0	0	0	0	0.00671140939597315	0.00282220131702728	0.0135135135135135	0	0	0	0.00746268656716418	0	0	0.00645161290322581	0	0	0.00352112676056338	0.00833333333333333	0.00384615384615385	0.00651465798045603	0	0.0135135135135135
R357I	0	0	0	0.00263157894736842	0	0	0	0	0	0.00402684563758389	0	0	0.00840336134453781	0.00303951367781155	0	0	0	0	0.00645161290322581	0	0	0.00704225352112676	0	0	0	0.00311526479750779	0
N334K	0	0	0	0.00263157894736842	0	0	0	0	0	0	0	0	0	0	0	0	0	0	0	0	0	0	0	0	0.00162866449511401	0.00623052959501558	0
Y421H	0	0	0	0.00263157894736842	0	0	0	0	0	0	0.000940733772342427	0	0	0	0.00425531914893617	0	0	0	0	0	0	0	0.00833333333333333	0	0	0	0
E471V	0	0	0	0.00263157894736842	0	0	0	0	0	0.00134228187919463	0.000940733772342427	0	0	0	0	0	0	0	0	0	0	0	0	0	0	0	0
Y508H	0	0	0	0.00263157894736842	0	0	0	0	0	0	0	0	0	0	0	0	0	0	0	0	0	0.0211267605633803	0	0	0	0	0
F347C	0	0	0	0.00263157894736842	0	0	0	0	0	0	0	0	0	0	0	0	0	0	0	0	0	0	0	0	0	0	0
P479R	0	0	0	0.00263157894736842	0	0	0	0	0	0.00134228187919463	0.000940733772342427	0	0	0.00303951367781155	0	0	0	0	0	0	0	0	0.00833333333333333	0.00384615384615385	0	0.00311526479750779	0
V445L	0	0	0	0.00263157894736842	0	0	0	0	0	0	0.000940733772342427	0	0	0.00303951367781155	0	0	0	0	0	0	0	0	0	0	0.00162866449511401	0	0
D428Y	0	0	0	0.00131578947368421	0	0	0	0	0	0.00134228187919463	0.000940733772342427	0	0	0	0	0	0	0	0	0	0	0	0	0	0	0	0.0135135135135135
L425I	0	0	0	0.00131578947368421	0	0	0	0	0	0	0	0	0	0	0	0	0	0	0	0	0	0	0	0	0	0	0
Y351F	0	0	0	0.00131578947368421	0	0	0	0	0.0161290322580645	0	0	0	0	0	0	0	0	0	0	0	0	0	0	0	0.00162866449511401	0	0
F456V	0	0	0	0.00131578947368421	0	0	0	0	0	0	0	0	0	0	0	0	0	0	0	0	0	0	0	0	0.00162866449511401	0	0
A435T	0	0	0	0.00131578947368421	0	0	0	0	0	0	0.000940733772342427	0	0	0	0	0	0	0	0	0	0	0	0.00833333333333333	0	0	0	0
N487D	0	0	0	0.00131578947368421	0	0	0	0.0169491525423729	0	0.00134228187919463	0.00282220131702728	0.0135135135135135	0	0.00303951367781155	0	0	0	0	0	0	0	0	0	0	0.00814332247557003	0.0124610591900312	0
T415A	0	0	0	0.00131578947368421	0.0136986301369863	0	0	0	0	0	0	0	0	0.00303951367781155	0	0	0	0	0.00645161290322581	0	0	0	0	0	0	0	0
G485A	0	0	0	0.00131578947368421	0	0	0	0	0	0	0	0	0	0	0	0	0	0	0	0	0	0	0	0	0.00162866449511401	0	0
E465G	0	0	0	0.00131578947368421	0	0	0	0	0	0	0	0	0	0	0	0	0	0.015625	0	0	0	0	0	0	0.00325732899022801	0	0
N360D	0	0	0	0.00131578947368421	0	0	0	0	0	0	0	0	0	0	0	0.00746268656716418	0	0	0.00645161290322581	0	0	0	0	0	0.00162866449511401	0	0
G446F	0	0	0	0.00131578947368421	0	0	0	0	0	0	0	0	0	0	0	0	0	0	0	0	0	0	0	0	0	0	0
Q474H	0	0	0	0.00131578947368421	0	0	0	0	0	0	0.000940733772342427	0	0	0	0	0.00746268656716418	0	0	0	0	0	0	0	0	0.00488599348534202	0.00311526479750779	0
N360T	0	0	0	0.00131578947368421	0	0	0	0	0	0	0	0	0	0	0	0	0	0	0	0	0	0	0	0	0	0	0
F490Y	0	0	0	0.00131578947368421	0	0	0	0	0	0	0	0	0	0	0	0	0	0	0	0	0	0	0	0	0	0	0
L441R	0	0	0	0.00131578947368421	0	0	0	0	0	0	0.000940733772342427	0	0	0	0	0	0	0	0	0	0	0	0	0	0.00162866449511401	0	0
V362F	0	0	0	0.00131578947368421	0	0	0	0	0	0.00268456375838926	0.000940733772342427	0	0	0	0	0	0	0	0	0	0	0	0	0	0.00162866449511401	0	0
R357G	0	0	0	0.00131578947368421	0	0	0	0	0	0	0	0	0	0	0	0	0	0	0	0	0	0	0	0	0.00162866449511401	0	0
N501D	0	0	0	0.00131578947368421	0	0	0	0	0	0	0	0	0	0	0	0	0	0	0	0	0	0	0	0	0	0	0
R403G	0	0	0	0.00131578947368421	0	0	0	0	0	0	0	0	0	0	0	0	0	0	0	0	0	0	0	0	0	0	0
I472L	0	0	0	0.00131578947368421	0	0	0	0	0	0	0.000940733772342427	0	0	0	0	0	0	0	0	0	0	0	0	0	0	0	0
V395F	0	0	0	0.00131578947368421	0.0136986301369863	0	0	0	0	0.00134228187919463	0.00376293508936971	0.0135135135135135	0	0	0.00425531914893617	0	0	0	0	0	0	0.00352112676056338	0	0	0	0.00623052959501558	0
T523N	0	0	0	0.00131578947368421	0	0	0	0	0	0	0.000940733772342427	0	0	0	0	0	0	0	0	0	0.00869565217391304	0	0	0	0	0	0
D405N	0	0	0	0.00131578947368421	0	0	0	0	0	0.00536912751677852	0.00376293508936971	0	0	0.00303951367781155	0	0	0	0	0.00645161290322581	0	0	0	0	0	0.00162866449511401	0	0
Y449F	0	0	0	0.00131578947368421	0	0	0	0	0	0	0	0	0	0	0	0	0	0	0	0	0	0	0	0	0	0	0
N450Y	0	0	0	0.00131578947368421	0	0	0	0	0	0	0	0	0	0	0.00425531914893617	0	0	0	0	0	0	0	0	0	0	0	0
G485D	0	0	0	0.00131578947368421	0	0	0	0	0	0	0	0	0	0	0	0	0	0	0.00645161290322581	0	0	0	0	0	0.00814332247557003	0	0
F374L	0	0	0	0.00131578947368421	0	0	0	0	0	0.00134228187919463	0.000940733772342427	0	0	0	0	0	0	0	0	0	0	0.00704225352112676	0	0	0	0	0
A475V	0	0	0	0.00131578947368421	0	0	0	0	0	0.00134228187919463	0.000940733772342427	0	0	0	0	0	0	0.015625	0.00645161290322581	0	0	0.00352112676056338	0	0.00769230769230769	0.00977198697068404	0.00311526479750779	0
N331I	0	0	0	0.00131578947368421	0	0	0	0	0	0	0	0	0	0	0	0	0	0	0	0	0	0	0	0	0	0	0
A397V	0	0	0	0.00131578947368421	0	0	0	0.0169491525423729	0	0.00268456375838926	0.00188146754468485	0	0	0.00303951367781155	0	0	0.0065359477124183	0	0.00645161290322581	0.0125	0	0	0.00833333333333333	0.00384615384615385	0.00162866449511401	0	0
K529R	0	0	0	0.00131578947368421	0	0	0	0	0	0	0	0	0	0	0	0	0	0	0	0	0	0.00352112676056338	0	0	0.00325732899022801	0	0
K529M	0	0	0	0.00131578947368421	0	0	0	0	0	0	0	0	0	0	0	0	0	0	0	0	0	0	0	0	0	0	0
P499S	0	0	0	0.00131578947368421	0	0	0	0	0	0.00268456375838926	0.00188146754468485	0.0135135135135135	0	0	0	0	0	0	0.00645161290322581	0	0	0	0	0	0.00162866449511401	0	0
T415N	0	0	0	0.00131578947368421	0	0	0	0	0.0161290322580645	0	0.000940733772342427	0.0135135135135135	0	0.00303951367781155	0	0	0	0	0	0.0125	0	0	0	0	0.00162866449511401	0	0
P491S	0	0	0	0.00131578947368421	0	0	0	0	0	0	0	0	0	0	0	0	0	0	0	0	0	0	0	0	0	0	0
H519Y	0	0	0	0.00131578947368421	0	0	0	0	0	0	0.00188146754468485	0	0	0	0	0	0.0065359477124183	0	0	0	0	0	0	0	0	0.00311526479750779	0
T393A	0	0	0	0.00131578947368421	0	0	0	0	0	0	0.00188146754468485	0	0	0.00303951367781155	0	0	0.0065359477124183	0	0.00645161290322581	0	0	0	0	0	0	0.00623052959501558	0
H519N	0	0	0	0.00131578947368421	0	0	0	0	0	0	0	0	0	0	0	0	0	0	0	0	0	0	0	0	0	0	0
L517P	0	0	0	0.00131578947368421	0	0	0	0	0	0	0.000940733772342427	0	0	0.00303951367781155	0	0	0	0	0	0	0	0	0	0.00384615384615385	0	0	0
L517I	0	0	0	0.00131578947368421	0	0	0	0	0	0	0	0	0	0.0060790273556231	0	0	0	0	0	0	0	0	0	0	0.00162866449511401	0.00311526479750779	0
P384A	0	0	0	0.00131578947368421	0	0	0	0	0	0	0	0	0	0	0.00425531914893617	0	0	0	0	0	0	0	0	0	0	0	0
D389H	0	0	0	0.00131578947368421	0	0	0	0	0	0	0	0	0	0	0	0	0	0	0	0	0	0	0	0	0	0	0
Q493L	0	0	0	0.00131578947368421	0	0	0	0	0	0.00134228187919463	0	0	0	0	0	0	0	0	0	0	0	0.00704225352112676	0	0.00384615384615385	0.00162866449511401	0	0.027027027027027
E516K	0	0	0	0.00131578947368421	0	0	0	0	0	0	0.000940733772342427	0	0	0	0	0	0	0	0	0	0	0	0	0	0	0.00311526479750779	0
T500N	0	0	0	0.00131578947368421	0	0	0	0	0	0.00134228187919463	0	0	0	0	0	0	0	0	0	0	0	0	0	0	0.00162866449511401	0	0
P521Q	0	0	0	0.00131578947368421	0	0	0	0	0	0.00402684563758389	0.000940733772342427	0.0135135135135135	0	0	0.00425531914893617	0	0	0	0	0	0	0	0	0	0.00162866449511401	0.00623052959501558	0
N481T	0	0	0	0.00131578947368421	0	0	0	0	0	0	0.000940733772342427	0	0	0	0	0	0	0	0	0	0	0	0	0.00384615384615385	0.00162866449511401	0	0
T376S	0	0	0	0.00131578947368421	0	0	0	0	0	0	0	0.0135135135135135	0	0	0	0	0	0	0	0	0	0	0	0	0	0	0
N450I	0	0	0	0.00131578947368421	0	0	0	0	0	0.00134228187919463	0.000940733772342427	0	0	0	0	0	0	0	0	0	0	0	0	0	0	0	0
V510I	0	0	0	0.00131578947368421	0	0	0	0	0	0	0.00188146754468485	0	0.00840336134453781	0	0.00425531914893617	0	0	0	0	0	0	0	0	0	0	0	0
N360Y	0	0	0	0.00131578947368421	0	0	0	0	0	0	0	0	0	0	0	0	0	0	0	0	0	0	0	0	0	0	0
A352S	0	0	0	0.00131578947368421	0	0	0	0	0	0.00268456375838926	0.00282220131702728	0	0	0.0060790273556231	0	0	0	0.015625	0.00645161290322581	0	0.00869565217391304	0	0	0	0	0.00934579439252336	0
T523P	0	0	0	0.00131578947368421	0	0	0	0	0	0	0.000940733772342427	0	0	0	0	0	0	0	0	0	0	0	0	0	0	0	0
K462R	0	0	0	0	0.0136986301369863	0	0	0	0	0	0	0	0	0	0.00425531914893617	0	0	0	0	0	0	0	0	0	0	0	0
L492K	0	0	0	0	0	0.0357142857142857	0	0	0	0	0	0	0	0	0	0	0	0	0	0	0	0	0	0	0	0	0
V395I	0	0	0	0	0	0.0178571428571429	0	0	0	0	0	0	0	0	0	0	0	0	0	0	0	0	0	0	0	0	0
A411S	0	0	0	0	0	0.0178571428571429	0	0	0	0.00134228187919463	0.000940733772342427	0	0	0.00303951367781155	0	0	0	0	0	0	0	0	0	0	0.00488599348534202	0	0
Q474E	0	0	0	0	0	0.0178571428571429	0	0	0	0	0.000940733772342427	0	0	0	0	0	0	0	0	0	0	0	0	0	0.00325732899022801	0	0
L452W	0	0	0	0	0	0.0178571428571429	0	0	0	0	0	0	0	0	0	0	0	0	0	0	0	0	0	0	0	0	0
A397T	0	0	0	0	0	0.0178571428571429	0	0	0	0	0	0	0	0	0	0	0	0	0	0	0	0	0	0	0	0	0
H519R	0	0	0	0	0	0.0178571428571429	0	0.0169491525423729	0	0	0.00188146754468485	0	0	0	0	0	0	0	0	0	0	0.0140845070422535	0	0	0	0	0
K356Q	0	0	0	0	0	0	0.0166666666666667	0	0	0	0	0	0	0	0	0	0.0065359477124183	0	0	0	0	0	0	0	0	0	0
G496S	0	0	0	0	0	0	0.0166666666666667	0	0	0.00134228187919463	0.00282220131702728	0	0.00840336134453781	0	0	0.0223880597014925	0	0.015625	0.0193548387096774	0.0125	0	0	0.00833333333333333	0	0.00162866449511401	0	0.0135135135135135
V503D	0	0	0	0	0	0	0.0166666666666667	0	0	0	0	0	0	0	0	0	0	0	0	0	0	0	0	0	0	0	0
G446A	0	0	0	0	0	0	0.0166666666666667	0	0	0.00134228187919463	0.00188146754468485	0	0	0	0	0	0.0065359477124183	0	0	0	0	0	0	0	0	0	0
I418V	0	0	0	0	0	0	0.0166666666666667	0	0	0.00134228187919463	0	0	0	0	0	0	0	0	0	0	0	0	0	0	0	0	0
P426S	0	0	0	0	0	0	0	0.0169491525423729	0	0	0	0	0	0.00303951367781155	0	0	0	0	0.00645161290322581	0	0	0	0.00833333333333333	0	0.00977198697068404	0	0
G447D	0	0	0	0	0	0	0	0.0169491525423729	0	0	0	0	0	0	0	0	0	0	0	0	0	0	0	0	0	0	0
K462Q	0	0	0	0	0	0	0	0	0.0161290322580645	0	0	0	0	0	0	0	0	0	0	0	0	0	0	0	0.00162866449511401	0	0
C336S	0	0	0	0	0	0	0	0	0.0161290322580645	0	0	0	0	0	0	0	0	0	0	0	0	0	0	0	0	0	0
N331T	0	0	0	0	0	0	0	0	0.0161290322580645	0	0	0	0	0	0	0	0	0	0	0	0	0	0	0	0	0	0
D389E	0	0	0	0	0	0	0	0	0.0161290322580645	0	0.000940733772342427	0	0	0	0	0	0	0	0	0	0	0	0	0	0	0	0
Y473F	0	0	0	0	0	0	0	0	0	0.00268456375838926	0.000940733772342427	0	0	0	0	0	0	0	0.0129032258064516	0	0	0	0	0	0.00162866449511401	0	0
Y505N	0	0	0	0	0	0	0	0	0	0.00268456375838926	0	0	0	0	0	0	0	0	0	0	0	0	0	0	0	0	0
K417S	0	0	0	0	0	0	0	0	0	0.00268456375838926	0.00188146754468485	0	0	0.00303951367781155	0.00425531914893617	0.00746268656716418	0	0	0	0.0125	0	0	0	0	0	0	0
E516Q	0	0	0	0	0	0	0	0	0	0.00268456375838926	0.000940733772342427	0	0	0	0	0	0.0065359477124183	0	0	0	0	0.00704225352112676	0	0.00384615384615385	0.00162866449511401	0	0
A352N	0	0	0	0	0	0	0	0	0	0.00268456375838926	0	0	0	0	0	0	0	0	0	0	0	0	0	0	0.00162866449511401	0	0
P384V	0	0	0	0	0	0	0	0	0	0.00268456375838926	0	0	0	0	0	0	0	0	0	0	0	0	0	0	0	0	0
L455S	0	0	0	0	0	0	0	0	0	0.00268456375838926	0.000940733772342427	0	0	0	0	0	0	0	0	0	0	0	0	0.00384615384615385	0.00162866449511401	0	0
N448D	0	0	0	0	0	0	0	0	0	0.00268456375838926	0.000940733772342427	0	0	0.0121580547112462	0.00425531914893617	0.0149253731343284	0.0130718954248366	0	0	0	0.00869565217391304	0.00704225352112676	0	0	0	0	0
E340G	0	0	0	0	0	0	0	0	0	0.00134228187919463	0	0	0	0	0	0	0	0	0	0	0	0	0.00833333333333333	0	0.00325732899022801	0	0
K528R	0	0	0	0	0	0	0	0	0	0.00134228187919463	0	0	0	0	0	0	0	0	0	0	0	0	0	0	0	0	0
T430P	0	0	0	0	0	0	0	0	0	0.00134228187919463	0	0	0	0	0.00425531914893617	0	0	0	0	0	0	0	0	0.0115384615384615	0.00814332247557003	0	0
L335S	0	0	0	0	0	0	0	0	0	0.00134228187919463	0.00188146754468485	0	0	0	0	0	0	0	0	0	0	0	0	0	0	0.00934579439252336	0
P479H	0	0	0	0	0	0	0	0	0	0.00134228187919463	0.00188146754468485	0	0	0	0	0	0.0065359477124183	0	0.00645161290322581	0.0125	0	0	0	0.0115384615384615	0.00325732899022801	0	0
H519L	0	0	0	0	0	0	0	0	0	0.00134228187919463	0.00188146754468485	0	0	0.00303951367781155	0	0	0	0	0	0	0	0	0	0	0	0	0.0135135135135135
F490I	0	0	0	0	0	0	0	0	0	0.00134228187919463	0.000940733772342427	0	0	0	0	0.00746268656716418	0	0	0	0	0	0	0	0.00384615384615385	0.00162866449511401	0.00311526479750779	0
G476D	0	0	0	0	0	0	0	0	0	0.00134228187919463	0	0	0	0	0	0	0	0	0	0	0	0	0.00833333333333333	0	0	0	0
G404V	0	0	0	0	0	0	0	0	0	0.00134228187919463	0	0	0	0	0	0	0	0	0	0	0	0	0	0	0	0	0
T430A	0	0	0	0	0	0	0	0	0	0.00134228187919463	0	0	0	0	0	0	0	0	0	0	0	0	0	0	0.00325732899022801	0	0
A352V	0	0	0	0	0	0	0	0	0	0.00134228187919463	0	0	0	0	0	0	0	0.015625	0.00645161290322581	0	0.00869565217391304	0	0	0.00384615384615385	0	0	0
D428H	0	0	0	0	0	0	0	0	0	0.00134228187919463	0.000940733772342427	0.0135135135135135	0	0	0	0	0	0	0	0	0	0	0	0.00384615384615385	0.00325732899022801	0	0
D405Y	0	0	0	0	0	0	0	0	0	0.00134228187919463	0	0	0	0	0	0	0	0	0	0	0	0	0	0	0	0	0
A348P	0	0	0	0	0	0	0	0	0	0.00134228187919463	0.00188146754468485	0	0	0	0	0	0	0	0	0	0	0	0	0	0	0	0
K356M	0	0	0	0	0	0	0	0	0	0.00134228187919463	0	0	0	0	0	0	0	0	0	0	0	0	0	0	0	0	0
N481Y	0	0	0	0	0	0	0	0	0	0.00134228187919463	0.000940733772342427	0	0	0	0	0	0	0	0.00645161290322581	0	0	0	0	0.00769230769230769	0.00651465798045603	0	0
N334D	0	0	0	0	0	0	0	0	0	0.00134228187919463	0	0	0	0	0	0	0	0	0	0	0	0	0	0	0	0	0
N354H	0	0	0	0	0	0	0	0	0	0.00134228187919463	0	0	0	0	0.00425531914893617	0	0	0	0	0	0	0	0	0.00384615384615385	0	0	0
V503A	0	0	0	0	0	0	0	0	0	0.00134228187919463	0	0	0	0	0	0	0	0	0	0	0	0	0	0	0	0	0
L513I	0	0	0	0	0	0	0	0	0	0.00134228187919463	0.000940733772342427	0	0	0	0	0	0	0	0	0	0	0.00352112676056338	0	0	0	0	0
Y365F	0	0	0	0	0	0	0	0	0	0.00134228187919463	0	0	0	0	0	0	0	0	0	0	0	0	0	0	0	0	0
P521T	0	0	0	0	0	0	0	0	0	0.00134228187919463	0	0	0	0	0	0	0	0	0	0.0125	0	0	0	0	0.00488599348534202	0	0
I472V	0	0	0	0	0	0	0	0	0	0.00134228187919463	0	0	0	0	0	0	0.0065359477124183	0	0	0	0	0	0	0	0.00162866449511401	0	0
D428A	0	0	0	0	0	0	0	0	0	0.00134228187919463	0	0	0	0	0	0	0	0	0	0	0	0	0.00833333333333333	0	0	0.00311526479750779	0
E516G	0	0	0	0	0	0	0	0	0	0.00134228187919463	0	0	0	0	0	0	0	0	0	0	0	0	0	0	0	0	0
H519P	0	0	0	0	0	0	0	0	0	0.00134228187919463	0	0	0	0	0	0	0	0	0	0	0	0	0	0	0	0	0
I402S	0	0	0	0	0	0	0	0	0	0.00134228187919463	0	0	0	0	0	0	0	0	0	0	0	0	0	0	0	0	0
V483L	0	0	0	0	0	0	0	0	0	0.00134228187919463	0	0	0	0.00303951367781155	0.00425531914893617	0.00746268656716418	0	0	0	0	0	0	0	0.00384615384615385	0.00325732899022801	0	0
V445G	0	0	0	0	0	0	0	0	0	0.00134228187919463	0.00188146754468485	0	0	0	0	0	0	0.015625	0	0	0	0	0	0	0	0	0
S443A	0	0	0	0	0	0	0	0	0	0.00134228187919463	0	0	0	0	0	0	0	0	0	0	0	0	0.00833333333333333	0	0	0	0
S349P	0	0	0	0	0	0	0	0	0	0.00134228187919463	0	0	0	0	0.00425531914893617	0	0	0	0	0	0	0	0	0.00384615384615385	0.00162866449511401	0	0
V503L	0	0	0	0	0	0	0	0	0	0.00134228187919463	0	0	0	0	0	0	0	0	0	0	0	0	0	0	0	0	0
G496A	0	0	0	0	0	0	0	0	0	0.00134228187919463	0.000940733772342427	0	0	0	0	0	0	0	0	0	0	0	0.00833333333333333	0	0	0	0
N487T	0	0	0	0	0	0	0	0	0	0.00134228187919463	0	0.0135135135135135	0	0	0.00425531914893617	0	0	0	0	0	0	0	0	0	0	0	0
N487K	0	0	0	0	0	0	0	0	0	0.00134228187919463	0.000940733772342427	0	0	0.00303951367781155	0	0	0	0	0	0	0	0	0.0166666666666667	0	0.00325732899022801	0	0
N448S	0	0	0	0	0	0	0	0	0	0.00134228187919463	0.000940733772342427	0	0	0	0	0.00746268656716418	0	0	0	0	0	0	0	0	0	0.00623052959501558	0
L441I	0	0	0	0	0	0	0	0	0	0.00134228187919463	0.000940733772342427	0	0	0	0.00425531914893617	0	0	0	0	0	0.00869565217391304	0.00352112676056338	0	0	0	0	0
E516D	0	0	0	0	0	0	0	0	0	0.00134228187919463	0	0	0	0	0	0	0	0	0	0	0	0	0	0	0	0	0
F486L	0	0	0	0	0	0	0	0	0	0.00134228187919463	0	0	0	0.00303951367781155	0	0	0.0065359477124183	0	0	0	0	0	0	0	0	0	0.027027027027027
V510L	0	0	0	0	0	0	0	0	0	0.00134228187919463	0.000940733772342427	0	0	0	0	0	0	0	0	0	0	0	0	0	0.00162866449511401	0.00311526479750779	0
L455W	0	0	0	0	0	0	0	0	0	0.00134228187919463	0	0	0	0	0	0	0	0	0	0	0	0	0	0	0	0	0
Y505Q	0	0	0	0	0	0	0	0	0	0.00134228187919463	0	0	0	0	0	0	0	0	0	0	0.00869565217391304	0	0	0	0	0	0
L518V	0	0	0	0	0	0	0	0	0	0.00134228187919463	0	0	0	0	0.00425531914893617	0	0.0065359477124183	0	0	0	0	0	0	0	0	0.00311526479750779	0
F486I	0	0	0	0	0	0	0	0	0	0.00134228187919463	0.000940733772342427	0	0	0.00303951367781155	0	0	0	0	0.00645161290322581	0	0	0	0	0	0.00162866449511401	0	0
V382A	0	0	0	0	0	0	0	0	0	0.00134228187919463	0	0	0	0	0	0	0	0	0	0	0	0	0	0	0	0	0
Y453H	0	0	0	0	0	0	0	0	0	0.00134228187919463	0.000940733772342427	0	0	0	0	0	0	0	0	0	0	0.00352112676056338	0	0.00384615384615385	0.00162866449511401	0	0
T333A	0	0	0	0	0	0	0	0	0	0.00134228187919463	0	0	0.00840336134453781	0	0	0	0	0	0	0	0	0	0	0	0	0	0
N343T	0	0	0	0	0	0	0	0	0	0.00134228187919463	0	0	0	0	0	0	0	0	0	0	0	0	0	0	0	0	0
K528I	0	0	0	0	0	0	0	0	0	0.00134228187919463	0	0	0	0	0	0	0	0	0	0	0	0	0	0	0	0	0
C391S	0	0	0	0	0	0	0	0	0	0.00134228187919463	0	0	0	0	0	0	0	0	0	0	0	0	0	0	0	0	0
A344V	0	0	0	0	0	0	0	0	0	0.00134228187919463	0.000940733772342427	0	0	0	0.00425531914893617	0	0	0	0	0	0	0	0	0	0	0	0
E484R	0	0	0	0	0	0	0	0	0	0	0.00470366886171214	0	0	0	0	0	0	0	0	0	0	0	0	0	0	0	0
L452*	0	0	0	0	0	0	0	0	0	0	0.00470366886171214	0	0	0	0	0	0	0	0	0	0	0	0	0	0	0	0
P463G	0	0	0	0	0	0	0	0	0	0	0.00282220131702728	0	0	0	0	0	0	0	0	0	0	0	0	0	0	0	0
I332R	0	0	0	0	0	0	0	0	0	0	0.00282220131702728	0	0	0	0	0	0	0	0	0	0	0	0	0	0	0	0
D427H	0	0	0	0	0	0	0	0	0	0	0.00188146754468485	0	0	0.0060790273556231	0.00425531914893617	0	0	0	0	0	0	0	0	0	0.00325732899022801	0	0
Y451H	0	0	0	0	0	0	0	0	0	0	0.00188146754468485	0	0	0	0	0	0	0	0	0	0	0	0	0	0	0	0
V382M	0	0	0	0	0	0	0	0	0	0	0.00188146754468485	0	0	0	0	0	0	0	0	0	0.00869565217391304	0	0	0	0	0	0
P463T	0	0	0	0	0	0	0	0	0	0	0.00188146754468485	0	0	0	0	0	0	0	0	0	0	0	0	0	0	0	0
G446R	0	0	0	0	0	0	0	0	0	0	0.00188146754468485	0	0	0	0.00851063829787234	0.00746268656716418	0	0	0	0	0	0.00352112676056338	0	0.00384615384615385	0.00162866449511401	0	0
V395D	0	0	0	0	0	0	0	0	0	0	0.00188146754468485	0	0	0	0	0	0	0	0	0	0	0	0	0	0	0	0
T478Q	0	0	0	0	0	0	0	0	0	0	0.00188146754468485	0	0	0	0	0	0	0	0	0	0	0	0	0	0.00488599348534202	0	0
F486E	0	0	0	0	0	0	0	0	0	0	0.00188146754468485	0	0	0	0	0	0	0	0	0	0	0	0.0166666666666667	0	0	0	0
L441V	0	0	0	0	0	0	0	0	0	0	0.000940733772342427	0	0	0	0	0	0	0	0	0	0	0	0	0	0	0	0
G482R	0	0	0	0	0	0	0	0	0	0	0.000940733772342427	0	0	0	0	0	0	0	0	0	0	0	0	0	0.00162866449511401	0.00311526479750779	0
L518Q	0	0	0	0	0	0	0	0	0	0	0.000940733772342427	0	0	0	0	0.00746268656716418	0	0	0	0	0	0	0	0	0.00162866449511401	0	0
F338L	0	0	0	0	0	0	0	0	0	0	0.000940733772342427	0	0	0	0	0.00746268656716418	0	0	0	0	0	0	0	0	0	0	0
I358V	0	0	0	0	0	0	0	0	0	0	0.000940733772342427	0	0	0	0	0	0	0	0	0	0	0	0	0	0.00162866449511401	0	0
D428E	0	0	0	0	0	0	0	0	0	0	0.000940733772342427	0	0	0	0	0	0	0	0	0	0	0	0	0	0	0	0
Q506K	0	0	0	0	0	0	0	0	0	0	0.000940733772342427	0	0	0	0	0	0	0	0	0	0	0	0	0	0	0	0
P384L	0	0	0	0	0	0	0	0	0	0	0.000940733772342427	0	0	0	0	0	0	0	0	0	0	0	0	0	0	0	0
D420A	0	0	0	0	0	0	0	0	0	0	0.000940733772342427	0	0	0	0	0	0	0	0	0	0	0	0	0	0	0.00311526479750779	0
R357T	0	0	0	0	0	0	0	0	0	0	0.000940733772342427	0	0	0	0	0	0	0	0	0	0	0	0	0.00384615384615385	0	0	0
S514A	0	0	0	0	0	0	0	0	0	0	0.000940733772342427	0	0.00840336134453781	0	0	0	0	0.015625	0	0	0	0	0	0	0.00162866449511401	0	0
H519D	0	0	0	0	0	0	0	0	0	0	0.000940733772342427	0	0	0	0	0	0	0	0	0	0	0	0	0	0	0	0
L390F	0	0	0	0	0	0	0	0	0	0	0.000940733772342427	0	0	0	0	0	0	0	0	0	0	0	0	0	0	0	0
L390V	0	0	0	0	0	0	0	0	0	0	0.000940733772342427	0	0	0	0	0	0	0	0	0	0	0	0	0	0	0	0
N460D	0	0	0	0	0	0	0	0	0	0	0.000940733772342427	0	0	0	0	0	0	0	0	0	0	0	0	0	0	0	0
N331K	0	0	0	0	0	0	0	0	0	0	0.000940733772342427	0	0	0	0	0	0	0	0	0	0	0.00352112676056338	0	0	0	0	0
N394H	0	0	0	0	0	0	0	0	0	0	0.000940733772342427	0	0	0	0	0	0	0	0	0	0	0	0	0	0	0	0
P499H	0	0	0	0	0	0	0	0	0	0	0.000940733772342427	0	0	0	0	0	0	0	0	0	0	0	0	0	0	0.00623052959501558	0
Y451L	0	0	0	0	0	0	0	0	0	0	0.000940733772342427	0	0	0	0	0	0	0	0	0	0	0	0	0	0	0	0
R454T	0	0	0	0	0	0	0	0	0	0	0.000940733772342427	0	0	0	0	0	0	0	0	0	0	0	0	0	0	0	0
D427N	0	0	0	0	0	0	0	0	0	0	0.000940733772342427	0	0	0.00303951367781155	0	0	0.0065359477124183	0	0	0.0125	0	0	0	0	0	0	0
N448T	0	0	0	0	0	0	0	0	0	0	0.000940733772342427	0	0	0	0	0	0	0	0	0	0	0	0	0	0	0	0
E471D	0	0	0	0	0	0	0	0	0	0	0.000940733772342427	0	0	0	0	0	0	0	0	0	0	0	0	0	0	0	0
E465A	0	0	0	0	0	0	0	0	0	0	0.000940733772342427	0	0	0	0	0	0	0	0	0	0	0	0	0	0	0	0
K378R	0	0	0	0	0	0	0	0	0	0	0.000940733772342427	0	0	0	0	0	0	0	0	0	0	0	0	0	0	0	0
D427E	0	0	0	0	0	0	0	0	0	0	0.000940733772342427	0	0	0	0	0	0	0	0	0	0	0	0	0	0	0	0
Y449C	0	0	0	0	0	0	0	0	0	0	0.000940733772342427	0	0	0	0	0	0	0	0	0	0	0	0	0	0	0	0
R454G	0	0	0	0	0	0	0	0	0	0	0.000940733772342427	0	0	0	0	0	0	0	0	0	0	0	0	0	0	0	0
S477I	0	0	0	0	0	0	0	0	0	0	0.000940733772342427	0	0	0	0	0	0	0	0	0	0	0	0	0	0	0	0
K378N	0	0	0	0	0	0	0	0	0	0	0.000940733772342427	0	0	0	0	0	0	0	0	0	0	0.00352112676056338	0	0	0	0	0
P499R	0	0	0	0	0	0	0	0	0	0	0.000940733772342427	0	0	0	0	0	0	0	0	0	0	0	0	0	0	0	0
N331S	0	0	0	0	0	0	0	0	0	0	0.000940733772342427	0	0	0	0	0	0	0	0	0	0	0	0	0	0	0	0
Y380F	0	0	0	0	0	0	0	0	0	0	0.000940733772342427	0	0	0	0	0	0	0	0	0	0	0	0	0	0.00162866449511401	0	0
K529N	0	0	0	0	0	0	0	0	0	0	0	0	0.00840336134453781	0	0	0	0.0065359477124183	0	0	0	0	0.00352112676056338	0	0	0.00325732899022801	0	0
S494A	0	0	0	0	0	0	0	0	0	0	0	0	0.00840336134453781	0	0	0	0	0	0	0	0	0	0	0	0	0	0
G413D	0	0	0	0	0	0	0	0	0	0	0	0	0	0.0243161094224924	0	0	0	0	0	0	0	0	0	0	0	0	0
A520G	0	0	0	0	0	0	0	0	0	0	0	0	0	0.0060790273556231	0.00425531914893617	0	0	0	0	0	0	0	0	0	0	0	0
G413A	0	0	0	0	0	0	0	0	0	0	0	0	0	0.00303951367781155	0	0	0	0	0	0	0	0	0	0	0	0	0
N334T	0	0	0	0	0	0	0	0	0	0	0	0	0	0.00303951367781155	0	0	0	0	0	0	0	0	0	0	0	0	0
F400C	0	0	0	0	0	0	0	0	0	0	0	0	0	0.00303951367781155	0	0	0	0	0	0	0	0	0	0	0	0	0
S359R	0	0	0	0	0	0	0	0	0	0	0	0	0	0.00303951367781155	0	0	0	0	0	0	0	0	0	0	0	0	0
F490V	0	0	0	0	0	0	0	0	0	0	0	0	0	0.00303951367781155	0	0	0	0	0	0	0	0.00352112676056338	0	0	0.00651465798045603	0.00934579439252336	0
I332M	0	0	0	0	0	0	0	0	0	0	0	0	0	0.00303951367781155	0	0	0	0	0	0	0	0	0	0	0	0	0
Y421F	0	0	0	0	0	0	0	0	0	0	0	0	0	0.00303951367781155	0	0	0	0	0	0	0	0	0	0	0	0	0
I332L	0	0	0	0	0	0	0	0	0	0	0	0	0	0.00303951367781155	0	0	0	0	0	0	0	0	0	0	0	0	0
G504D	0	0	0	0	0	0	0	0	0	0	0	0	0	0.00303951367781155	0	0	0	0	0	0	0	0	0	0	0	0	0.0135135135135135
S359C	0	0	0	0	0	0	0	0	0	0	0	0	0	0.00303951367781155	0	0	0	0	0	0	0	0	0	0	0	0	0
D442N	0	0	0	0	0	0	0	0	0	0	0	0	0	0.00303951367781155	0	0	0	0	0	0	0	0	0	0	0	0	0
G381V	0	0	0	0	0	0	0	0	0	0	0	0	0	0	0.00425531914893617	0	0	0	0	0	0	0	0	0	0	0	0
D428V	0	0	0	0	0	0	0	0	0	0	0	0	0	0	0.00425531914893617	0	0	0	0	0	0	0	0	0	0	0	0
K458E	0	0	0	0	0	0	0	0	0	0	0	0	0	0	0.00425531914893617	0	0	0	0	0	0	0	0	0	0	0	0
T470A	0	0	0	0	0	0	0	0	0	0	0	0	0	0	0.00425531914893617	0	0	0	0	0	0	0	0	0	0	0.00311526479750779	0
I472T	0	0	0	0	0	0	0	0	0	0	0	0	0	0	0.00425531914893617	0	0	0	0	0	0	0	0	0	0.00162866449511401	0	0
V511I	0	0	0	0	0	0	0	0	0	0	0	0	0	0	0.00425531914893617	0	0	0	0	0	0	0	0	0	0.00325732899022801	0	0
L335V	0	0	0	0	0	0	0	0	0	0	0	0	0	0	0.00425531914893617	0	0	0	0	0	0	0	0	0	0	0	0
R408N	0	0	0	0	0	0	0	0	0	0	0	0	0	0	0.00425531914893617	0.00746268656716418	0	0	0	0	0	0.00704225352112676	0	0.00384615384615385	0	0	0
S359G	0	0	0	0	0	0	0	0	0	0	0	0	0	0	0.00425531914893617	0	0	0	0	0	0	0	0	0.00384615384615385	0	0	0
L335M	0	0	0	0	0	0	0	0	0	0	0	0	0	0	0.00425531914893617	0	0	0	0	0	0	0	0	0	0	0	0
G476A	0	0	0	0	0	0	0	0	0	0	0	0	0	0	0	0.00746268656716418	0	0	0	0	0	0	0	0	0	0	0
L390I	0	0	0	0	0	0	0	0	0	0	0	0	0	0	0	0.00746268656716418	0.0065359477124183	0	0	0	0	0	0	0	0	0	0
N360S	0	0	0	0	0	0	0	0	0	0	0	0	0	0	0	0.00746268656716418	0	0	0	0	0	0	0	0	0.00488599348534202	0	0
A522G	0	0	0	0	0	0	0	0	0	0	0	0	0	0	0	0.00746268656716418	0	0	0	0	0	0	0	0	0	0	0
A520V	0	0	0	0	0	0	0	0	0	0	0	0	0	0	0	0	0.0065359477124183	0	0	0	0	0	0	0	0	0	0
L518R	0	0	0	0	0	0	0	0	0	0	0	0	0	0	0	0	0.0065359477124183	0	0	0	0	0	0	0	0	0	0
A344N	0	0	0	0	0	0	0	0	0	0	0	0	0	0	0	0	0.0065359477124183	0	0	0	0	0	0	0	0	0	0
L518I	0	0	0	0	0	0	0	0	0	0	0	0	0	0	0	0	0.0065359477124183	0	0	0	0	0.00352112676056338	0	0	0	0	0
P521A	0	0	0	0	0	0	0	0	0	0	0	0	0	0	0	0	0.0065359477124183	0	0	0	0	0	0	0	0	0	0
Q493Y	0	0	0	0	0	0	0	0	0	0	0	0	0	0	0	0	0	0	0.0129032258064516	0	0	0	0	0	0	0	0
G416*	0	0	0	0	0	0	0	0	0	0	0	0	0	0	0	0	0	0	0.0129032258064516	0	0	0	0	0.0461538461538462	0.011400651465798	0	0
T470S	0	0	0	0	0	0	0	0	0	0	0	0	0	0	0	0	0	0	0.00645161290322581	0	0	0	0	0	0	0	0
T430S	0	0	0	0	0	0	0	0	0	0	0	0	0	0	0	0	0	0	0.00645161290322581	0	0	0	0	0.00384615384615385	0	0	0
A435V	0	0	0	0	0	0	0	0	0	0	0	0	0	0	0	0	0	0	0.00645161290322581	0	0	0	0	0	0	0	0
G447V	0	0	0	0	0	0	0	0	0	0	0	0	0	0	0	0	0	0	0.00645161290322581	0	0	0	0	0	0	0	0
V362L	0	0	0	0	0	0	0	0	0	0	0	0	0	0	0	0	0	0	0.00645161290322581	0	0	0	0	0	0	0	0
F486G	0	0	0	0	0	0	0	0	0	0	0	0	0	0	0	0	0	0	0.00645161290322581	0	0	0	0	0	0.00162866449511401	0	0
K458T	0	0	0	0	0	0	0	0	0	0	0	0	0	0	0	0	0	0	0	0.0125	0	0	0	0	0	0	0
T376L	0	0	0	0	0	0	0	0	0	0	0	0	0	0	0	0	0	0	0	0	0.0173913043478261	0	0	0	0	0	0
T415S	0	0	0	0	0	0	0	0	0	0	0	0	0	0	0	0	0	0	0	0	0.00869565217391304	0	0	0	0	0	0
R408S	0	0	0	0	0	0	0	0	0	0	0	0	0	0	0	0	0	0	0	0	0	0.00704225352112676	0	0	0	0	0
K417I	0	0	0	0	0	0	0	0	0	0	0	0	0	0	0	0	0	0	0	0	0	0.00704225352112676	0	0	0	0	0
C361L	0	0	0	0	0	0	0	0	0	0	0	0	0	0	0	0	0	0	0	0	0	0.00704225352112676	0	0	0	0	0
V362N	0	0	0	0	0	0	0	0	0	0	0	0	0	0	0	0	0	0	0	0	0	0.00704225352112676	0	0	0	0	0
K529E	0	0	0	0	0	0	0	0	0	0	0	0	0	0	0	0	0	0	0	0	0	0.00704225352112676	0	0	0	0	0
K417H	0	0	0	0	0	0	0	0	0	0	0	0	0	0	0	0	0	0	0	0	0	0.00704225352112676	0	0	0	0	0
G504S	0	0	0	0	0	0	0	0	0	0	0	0	0	0	0	0	0	0	0	0	0	0.00704225352112676	0	0	0	0	0
A372V	0	0	0	0	0	0	0	0	0	0	0	0	0	0	0	0	0	0	0	0	0	0.00352112676056338	0	0	0	0	0
K529Q	0	0	0	0	0	0	0	0	0	0	0	0	0	0	0	0	0	0	0	0	0	0.00352112676056338	0	0	0	0	0
N394T	0	0	0	0	0	0	0	0	0	0	0	0	0	0	0	0	0	0	0	0	0	0.00352112676056338	0	0	0	0	0
Q474K	0	0	0	0	0	0	0	0	0	0	0	0	0	0	0	0	0	0	0	0	0	0.00352112676056338	0	0	0	0	0
N394K	0	0	0	0	0	0	0	0	0	0	0	0	0	0	0	0	0	0	0	0	0	0.00352112676056338	0	0	0	0	0
G482A	0	0	0	0	0	0	0	0	0	0	0	0	0	0	0	0	0	0	0	0	0	0.00352112676056338	0	0	0	0	0
N370K	0	0	0	0	0	0	0	0	0	0	0	0	0	0	0	0	0	0	0	0	0	0.00352112676056338	0.00833333333333333	0	0	0	0
S366A	0	0	0	0	0	0	0	0	0	0	0	0	0	0	0	0	0	0	0	0	0	0.00352112676056338	0	0	0	0	0.0405405405405405
S359T	0	0	0	0	0	0	0	0	0	0	0	0	0	0	0	0	0	0	0	0	0	0.00352112676056338	0	0	0	0	0
R403T	0	0	0	0	0	0	0	0	0	0	0	0	0	0	0	0	0	0	0	0	0	0.00352112676056338	0	0	0	0	0
I468V	0	0	0	0	0	0	0	0	0	0	0	0	0	0	0	0	0	0	0	0	0	0.00352112676056338	0	0	0	0	0
S371Y	0	0	0	0	0	0	0	0	0	0	0	0	0	0	0	0	0	0	0	0	0	0.00352112676056338	0	0	0	0	0
R408G	0	0	0	0	0	0	0	0	0	0	0	0	0	0	0	0	0	0	0	0	0	0.00352112676056338	0	0	0.00162866449511401	0	0
T385S	0	0	0	0	0	0	0	0	0	0	0	0	0	0	0	0	0	0	0	0	0	0	0.0166666666666667	0	0	0	0
G504V	0	0	0	0	0	0	0	0	0	0	0	0	0	0	0	0	0	0	0	0	0	0	0.00833333333333333	0	0	0	0
G339V	0	0	0	0	0	0	0	0	0	0	0	0	0	0	0	0	0	0	0	0	0	0	0.00833333333333333	0	0.00325732899022801	0	0
G446C	0	0	0	0	0	0	0	0	0	0	0	0	0	0	0	0	0	0	0	0	0	0	0.00833333333333333	0	0	0	0
T393I	0	0	0	0	0	0	0	0	0	0	0	0	0	0	0	0	0	0	0	0	0	0	0.00833333333333333	0.00384615384615385	0	0	0
S359I	0	0	0	0	0	0	0	0	0	0	0	0	0	0	0	0	0	0	0	0	0	0	0.00833333333333333	0	0.00162866449511401	0	0
V511L	0	0	0	0	0	0	0	0	0	0	0	0	0	0	0	0	0	0	0	0	0	0	0.00833333333333333	0	0	0.00311526479750779	0
I410V	0	0	0	0	0	0	0	0	0	0	0	0	0	0	0	0	0	0	0	0	0	0	0	0.0115384615384615	0.00162866449511401	0	0
R346V	0	0	0	0	0	0	0	0	0	0	0	0	0	0	0	0	0	0	0	0	0	0	0	0.00769230769230769	0	0	0
N360K	0	0	0	0	0	0	0	0	0	0	0	0	0	0	0	0	0	0	0	0	0	0	0	0.00769230769230769	0.00162866449511401	0	0
P499L	0	0	0	0	0	0	0	0	0	0	0	0	0	0	0	0	0	0	0	0	0	0	0	0.00769230769230769	0.00325732899022801	0	0
G416E	0	0	0	0	0	0	0	0	0	0	0	0	0	0	0	0	0	0	0	0	0	0	0	0.00384615384615385	0	0	0
K458M	0	0	0	0	0	0	0	0	0	0	0	0	0	0	0	0	0	0	0	0	0	0	0	0.00384615384615385	0	0	0
E465D	0	0	0	0	0	0	0	0	0	0	0	0	0	0	0	0	0	0	0	0	0	0	0	0.00384615384615385	0.00162866449511401	0.00311526479750779	0
V407I	0	0	0	0	0	0	0	0	0	0	0	0	0	0	0	0	0	0	0	0	0	0	0	0.00384615384615385	0	0	0
V341A	0	0	0	0	0	0	0	0	0	0	0	0	0	0	0	0	0	0	0	0	0	0	0	0.00384615384615385	0	0	0
D405S	0	0	0	0	0	0	0	0	0	0	0	0	0	0	0	0	0	0	0	0	0	0	0	0.00384615384615385	0	0	0
V510A	0	0	0	0	0	0	0	0	0	0	0	0	0	0	0	0	0	0	0	0	0	0	0	0.00384615384615385	0	0	0
D389A	0	0	0	0	0	0	0	0	0	0	0	0	0	0	0	0	0	0	0	0	0	0	0	0.00384615384615385	0	0	0
Y473H	0	0	0	0	0	0	0	0	0	0	0	0	0	0	0	0	0	0	0	0	0	0	0	0.00384615384615385	0.00488599348534202	0	0
I402V	0	0	0	0	0	0	0	0	0	0	0	0	0	0	0	0	0	0	0	0	0	0	0	0.00384615384615385	0	0	0
I402L	0	0	0	0	0	0	0	0	0	0	0	0	0	0	0	0	0	0	0	0	0	0	0	0.00384615384615385	0	0	0.0135135135135135
P463A	0	0	0	0	0	0	0	0	0	0	0	0	0	0	0	0	0	0	0	0	0	0	0	0.00384615384615385	0	0	0
P491A	0	0	0	0	0	0	0	0	0	0	0	0	0	0	0	0	0	0	0	0	0	0	0	0.00384615384615385	0	0	0
D427G	0	0	0	0	0	0	0	0	0	0	0	0	0	0	0	0	0	0	0	0	0	0	0	0.00384615384615385	0	0	0
I468L	0	0	0	0	0	0	0	0	0	0	0	0	0	0	0	0	0	0	0	0	0	0	0	0.00384615384615385	0	0	0
T345A	0	0	0	0	0	0	0	0	0	0	0	0	0	0	0	0	0	0	0	0	0	0	0	0	0.00488599348534202	0	0
R408I	0	0	0	0	0	0	0	0	0	0	0	0	0	0	0	0	0	0	0	0	0	0	0	0	0.00325732899022801	0	0
A411V	0	0	0	0	0	0	0	0	0	0	0	0	0	0	0	0	0	0	0	0	0	0	0	0	0.00325732899022801	0	0
K462E	0	0	0	0	0	0	0	0	0	0	0	0	0	0	0	0	0	0	0	0	0	0	0	0	0.00325732899022801	0	0
G482V	0	0	0	0	0	0	0	0	0	0	0	0	0	0	0	0	0	0	0	0	0	0	0	0	0.00325732899022801	0	0
T523A	0	0	0	0	0	0	0	0	0	0	0	0	0	0	0	0	0	0	0	0	0	0	0	0	0.00162866449511401	0	0
A411T	0	0	0	0	0	0	0	0	0	0	0	0	0	0	0	0	0	0	0	0	0	0	0	0	0.00162866449511401	0	0
N388S	0	0	0	0	0	0	0	0	0	0	0	0	0	0	0	0	0	0	0	0	0	0	0	0	0.00162866449511401	0	0
A348V	0	0	0	0	0	0	0	0	0	0	0	0	0	0	0	0	0	0	0	0	0	0	0	0	0.00162866449511401	0	0
S366T	0	0	0	0	0	0	0	0	0	0	0	0	0	0	0	0	0	0	0	0	0	0	0	0	0.00162866449511401	0	0
S373T	0	0	0	0	0	0	0	0	0	0	0	0	0	0	0	0	0	0	0	0	0	0	0	0	0.00162866449511401	0	0
A348T	0	0	0	0	0	0	0	0	0	0	0	0	0	0	0	0	0	0	0	0	0	0	0	0	0.00162866449511401	0	0
V483G	0	0	0	0	0	0	0	0	0	0	0	0	0	0	0	0	0	0	0	0	0	0	0	0	0.00162866449511401	0	0
E471A	0	0	0	0	0	0	0	0	0	0	0	0	0	0	0	0	0	0	0	0	0	0	0	0	0.00162866449511401	0	0
G485V	0	0	0	0	0	0	0	0	0	0	0	0	0	0	0	0	0	0	0	0	0	0	0	0	0.00162866449511401	0	0
Y396F	0	0	0	0	0	0	0	0	0	0	0	0	0	0	0	0	0	0	0	0	0	0	0	0	0.00162866449511401	0	0
V395L	0	0	0	0	0	0	0	0	0	0	0	0	0	0	0	0	0	0	0	0	0	0	0	0	0.00162866449511401	0	0
V341L	0	0	0	0	0	0	0	0	0	0	0	0	0	0	0	0	0	0	0	0	0	0	0	0	0.00162866449511401	0	0
F464L	0	0	0	0	0	0	0	0	0	0	0	0	0	0	0	0	0	0	0	0	0	0	0	0	0.00162866449511401	0	0
G476C	0	0	0	0	0	0	0	0	0	0	0	0	0	0	0	0	0	0	0	0	0	0	0	0	0.00162866449511401	0	0
S373L	0	0	0	0	0	0	0	0	0	0	0	0	0	0	0	0	0	0	0	0	0	0	0	0	0.00162866449511401	0	0
P337A	0	0	0	0	0	0	0	0	0	0	0	0	0	0	0	0	0	0	0	0	0	0	0	0	0.00162866449511401	0	0
Q474R	0	0	0	0	0	0	0	0	0	0	0	0	0	0	0	0	0	0	0	0	0	0	0	0	0.00162866449511401	0	0
N487S	0	0	0	0	0	0	0	0	0	0	0	0	0	0	0	0	0	0	0	0	0	0	0	0	0.00162866449511401	0	0
V445R	0	0	0	0	0	0	0	0	0	0	0	0	0	0	0	0	0	0	0	0	0	0	0	0	0	0.00934579439252336	0
T345I	0	0	0	0	0	0	0	0	0	0	0	0	0	0	0	0	0	0	0	0	0	0	0	0	0	0.00623052959501558	0
L441G	0	0	0	0	0	0	0	0	0	0	0	0	0	0	0	0	0	0	0	0	0	0	0	0	0	0.00623052959501558	0
F347L	0	0	0	0	0	0	0	0	0	0	0	0	0	0	0	0	0	0	0	0	0	0	0	0	0	0.00311526479750779	0
P521R	0	0	0	0	0	0	0	0	0	0	0	0	0	0	0	0	0	0	0	0	0	0	0	0	0	0.00311526479750779	0
D442E	0	0	0	0	0	0	0	0	0	0	0	0	0	0	0	0	0	0	0	0	0	0	0	0	0	0.00311526479750779	0
S375Y	0	0	0	0	0	0	0	0	0	0	0	0	0	0	0	0	0	0	0	0	0	0	0	0	0	0	0.0135135135135135
