Mutation	BF.7	BF.7	BQ.1	BQ.1.1	BA.4.6	CHN_BF714
S494P	0.05	0.05	0.0115384615384615	0.0162866449511401	0.0467289719626168	0.027027027027027
D420N	0.0416666666666667	0.0416666666666667	0.00384615384615385	0.00325732899022801	0.0249221183800623	0
V445F	0.0416666666666667	0.0416666666666667	0.00384615384615385	0.00814332247557003	0.0249221183800623	0
R346T	0.0416666666666667	0.0416666666666667	0.0423076923076923	0.00162866449511401	0.0155763239875389	0
K444N	0.0416666666666667	0.0416666666666667	0	0	0.0467289719626168	0
T470I	0.0333333333333333	0.0333333333333333	0.0153846153846154	0.011400651465798	0.0155763239875389	0
G446S	0.025	0.025	0.0115384615384615	0.0162866449511401	0.0249221183800623	0.0810810810810811
S477N	0.025	0.025	0.0153846153846154	0.0276872964169381	0.0218068535825545	0.027027027027027
P384S	0.025	0.025	0	0	0.0155763239875389	0.0135135135135135
V382L	0.0166666666666667	0.0166666666666667	0.00769230769230769	0.00162866449511401	0.00311526479750779	0
T385S	0.0166666666666667	0.0166666666666667	0	0	0	0
E484S	0.0166666666666667	0.0166666666666667	0.00769230769230769	0.00488599348534202	0.00311526479750779	0
N487K	0.0166666666666667	0.0166666666666667	0	0.00325732899022801	0	0
A475S	0.0166666666666667	0.0166666666666667	0.00769230769230769	0.00488599348534202	0.00934579439252336	0
S375F	0.0166666666666667	0.0166666666666667	0.00384615384615385	0.011400651465798	0.00311526479750779	0.0135135135135135
T478R	0.0166666666666667	0.0166666666666667	0.00769230769230769	0.0276872964169381	0.0280373831775701	0.0135135135135135
N460K	0.0166666666666667	0.0166666666666667	0.0192307692307692	0.0162866449511401	0.00311526479750779	0
E484V	0.0166666666666667	0.0166666666666667	0.0230769230769231	0.0179153094462541	0.0404984423676012	0.0405405405405405
T430I	0.0166666666666667	0.0166666666666667	0.0153846153846154	0.0146579804560261	0.0218068535825545	0.027027027027027
F486E	0.0166666666666667	0.0166666666666667	0	0	0	0
K444R	0.0166666666666667	0.0166666666666667	0	0.00162866449511401	0.0311526479750779	0
S514F	0.0166666666666667	0.0166666666666667	0.00384615384615385	0.00814332247557003	0.00311526479750779	0
L452R	0.0166666666666667	0.0166666666666667	0.00769230769230769	0.00651465798045603	0.00623052959501558	0
G504V	0.00833333333333333	0.00833333333333333	0	0	0	0
E340Q	0.00833333333333333	0.00833333333333333	0.00384615384615385	0.00488599348534202	0.00311526479750779	0.0135135135135135
T470N	0.00833333333333333	0.00833333333333333	0.00384615384615385	0	0	0
N354K	0.00833333333333333	0.00833333333333333	0.0115384615384615	0.00325732899022801	0	0
N460S	0.00833333333333333	0.00833333333333333	0	0	0.0155763239875389	0
F456L	0.00833333333333333	0.00833333333333333	0.0153846153846154	0.00977198697068404	0.00623052959501558	0
G496S	0.00833333333333333	0.00833333333333333	0	0.00162866449511401	0	0.0135135135135135
Y421H	0.00833333333333333	0.00833333333333333	0	0	0	0
G339V	0.00833333333333333	0.00833333333333333	0	0.00325732899022801	0	0
I434V	0.00833333333333333	0.00833333333333333	0	0.00162866449511401	0.00311526479750779	0
N460T	0.00833333333333333	0.00833333333333333	0	0	0.00311526479750779	0
D428A	0.00833333333333333	0.00833333333333333	0	0	0.00311526479750779	0
D427Y	0.00833333333333333	0.00833333333333333	0.00384615384615385	0.00325732899022801	0	0
T333I	0.00833333333333333	0.00833333333333333	0	0.00162866449511401	0.00311526479750779	0
K444T	0.00833333333333333	0.00833333333333333	0.0230769230769231	0.00977198697068404	0.00934579439252336	0
G446C	0.00833333333333333	0.00833333333333333	0	0	0	0
P479R	0.00833333333333333	0.00833333333333333	0.00384615384615385	0	0.00311526479750779	0
P479L	0.00833333333333333	0.00833333333333333	0.0153846153846154	0.0342019543973941	0.0186915887850467	0
N354D	0.00833333333333333	0.00833333333333333	0.00769230769230769	0.00162866449511401	0	0
A348S	0.00833333333333333	0.00833333333333333	0.00384615384615385	0.00651465798045603	0.0124610591900312	0.0135135135135135
E484T	0.00833333333333333	0.00833333333333333	0.00769230769230769	0.00162866449511401	0.00311526479750779	0
N394D	0.00833333333333333	0.00833333333333333	0	0	0.00311526479750779	0
S371F	0.00833333333333333	0.00833333333333333	0.0153846153846154	0.00651465798045603	0.00623052959501558	0
F486A	0.00833333333333333	0.00833333333333333	0.0192307692307692	0.0179153094462541	0.0218068535825545	0
A344T	0.00833333333333333	0.00833333333333333	0	0.00977198697068404	0.00623052959501558	0
L452Q	0.00833333333333333	0.00833333333333333	0.00769230769230769	0	0.00934579439252336	0.0135135135135135
V362I	0.00833333333333333	0.00833333333333333	0	0	0	0
T478I	0.00833333333333333	0.00833333333333333	0.00769230769230769	0.0179153094462541	0.00934579439252336	0.0135135135135135
A397V	0.00833333333333333	0.00833333333333333	0.00384615384615385	0.00162866449511401	0	0
T393I	0.00833333333333333	0.00833333333333333	0.00384615384615385	0	0	0
G476D	0.00833333333333333	0.00833333333333333	0	0	0	0
G339Y	0.00833333333333333	0.00833333333333333	0.00769230769230769	0.00162866449511401	0.00311526479750779	0.0135135135135135
L455F	0.00833333333333333	0.00833333333333333	0.0115384615384615	0.011400651465798	0.00623052959501558	0.0405405405405405
S359I	0.00833333333333333	0.00833333333333333	0	0.00162866449511401	0	0
T478E	0.00833333333333333	0.00833333333333333	0	0.00651465798045603	0.00934579439252336	0
E484P	0.00833333333333333	0.00833333333333333	0	0.00162866449511401	0.00311526479750779	0.0135135135135135
P521S	0.00833333333333333	0.00833333333333333	0.00769230769230769	0.00814332247557003	0.0155763239875389	0
P426S	0.00833333333333333	0.00833333333333333	0	0.00977198697068404	0	0
E340G	0.00833333333333333	0.00833333333333333	0	0.00325732899022801	0	0
A435T	0.00833333333333333	0.00833333333333333	0	0	0	0
N460Y	0.00833333333333333	0.00833333333333333	0	0	0.0249221183800623	0
V445A	0.00833333333333333	0.00833333333333333	0.0192307692307692	0.011400651465798	0.0404984423676012	0.027027027027027
Q498R	0.00833333333333333	0.00833333333333333	0.00384615384615385	0.00651465798045603	0	0.0135135135135135
E471Q	0.00833333333333333	0.00833333333333333	0	0	0	0.0135135135135135
E340K	0.00833333333333333	0.00833333333333333	0.00769230769230769	0.00488599348534202	0	0.027027027027027
S443A	0.00833333333333333	0.00833333333333333	0	0	0	0
V511L	0.00833333333333333	0.00833333333333333	0	0	0.00311526479750779	0
N370K	0.00833333333333333	0.00833333333333333	0	0	0	0
F490L	0.00833333333333333	0.00833333333333333	0.00384615384615385	0.0130293159609121	0.00934579439252336	0
G446D	0.00833333333333333	0.00833333333333333	0	0.00162866449511401	0	0
A520S	0.00833333333333333	0.00833333333333333	0.00384615384615385	0.00651465798045603	0.00311526479750779	0.0135135135135135
G496A	0.00833333333333333	0.00833333333333333	0	0	0	0
G476S	0.00833333333333333	0.00833333333333333	0.0230769230769231	0.0146579804560261	0.0155763239875389	0
K444M	0	0	0.0461538461538462	0.0374592833876222	0.00311526479750779	0
G416*	0	0	0.0461538461538462	0.011400651465798	0	0
R346S	0	0	0.0192307692307692	0	0	0
F490S	0	0	0.0192307692307692	0.00977198697068404	0.00623052959501558	0.0135135135135135
T385I	0	0	0.0153846153846154	0.0146579804560261	0	0
G446V	0	0	0.0153846153846154	0.00162866449511401	0.00934579439252336	0.0135135135135135
P479H	0	0	0.0115384615384615	0.00325732899022801	0	0
N440R	0	0	0.0115384615384615	0.00162866449511401	0	0.0135135135135135
A522S	0	0	0.0115384615384615	0.00488599348534202	0.00311526479750779	0.0135135135135135
V483F	0	0	0.0115384615384615	0.00651465798045603	0.00934579439252336	0
I410V	0	0	0.0115384615384615	0.00162866449511401	0	0
G482S	0	0	0.0115384615384615	0.00814332247557003	0.00623052959501558	0
T430P	0	0	0.0115384615384615	0.00814332247557003	0	0
P337L	0	0	0.00769230769230769	0.00162866449511401	0	0
R346V	0	0	0.00769230769230769	0	0	0
N360K	0	0	0.00769230769230769	0.00162866449511401	0	0
A522P	0	0	0.00769230769230769	0.00488599348534202	0	0
P499L	0	0	0.00769230769230769	0.00325732899022801	0	0
A475V	0	0	0.00769230769230769	0.00977198697068404	0.00311526479750779	0
R403K	0	0	0.00769230769230769	0	0	0.0405405405405405
N501Y	0	0	0.00769230769230769	0.00325732899022801	0.00311526479750779	0
N481Y	0	0	0.00769230769230769	0.00651465798045603	0	0
N481S	0	0	0.00769230769230769	0.0130293159609121	0.00311526479750779	0.0135135135135135
V341I	0	0	0.00769230769230769	0.00162866449511401	0	0
L441F	0	0	0.00769230769230769	0.00325732899022801	0	0
R346K	0	0	0.00769230769230769	0.00325732899022801	0	0
T500S	0	0	0.00384615384615385	0.00488599348534202	0.00311526479750779	0.0135135135135135
G416E	0	0	0.00384615384615385	0	0	0
K458M	0	0	0.00384615384615385	0	0	0
L517P	0	0	0.00384615384615385	0	0	0
E465D	0	0	0.00384615384615385	0.00162866449511401	0.00311526479750779	0
G446R	0	0	0.00384615384615385	0.00162866449511401	0	0
N354H	0	0	0.00384615384615385	0	0	0
V407I	0	0	0.00384615384615385	0	0	0
R357T	0	0	0.00384615384615385	0	0	0
K356T	0	0	0.00384615384615385	0	0	0
G339N	0	0	0.00384615384615385	0.00651465798045603	0	0
V341A	0	0	0.00384615384615385	0	0	0
L518P	0	0	0.00384615384615385	0.00325732899022801	0	0
T430S	0	0	0.00384615384615385	0	0	0
D405S	0	0	0.00384615384615385	0	0	0
L517F	0	0	0.00384615384615385	0.00162866449511401	0.00934579439252336	0
R357S	0	0	0.00384615384615385	0.00162866449511401	0	0
D428H	0	0	0.00384615384615385	0.00325732899022801	0	0
L513F	0	0	0.00384615384615385	0.00651465798045603	0	0
V510A	0	0	0.00384615384615385	0	0	0
V433I	0	0	0.00384615384615385	0.00325732899022801	0.00311526479750779	0
D389A	0	0	0.00384615384615385	0	0	0
E340D	0	0	0.00384615384615385	0.00162866449511401	0	0
R346I	0	0	0.00384615384615385	0.0195439739413681	0.0124610591900312	0.0135135135135135
K356R	0	0	0.00384615384615385	0.00325732899022801	0	0
Y473H	0	0	0.00384615384615385	0.00488599348534202	0	0
S359G	0	0	0.00384615384615385	0	0	0
A344S	0	0	0.00384615384615385	0.00488599348534202	0	0
I402V	0	0	0.00384615384615385	0	0	0
Q493L	0	0	0.00384615384615385	0.00162866449511401	0	0.027027027027027
R357K	0	0	0.00384615384615385	0.00488599348534202	0	0
N481T	0	0	0.00384615384615385	0.00162866449511401	0	0
N439K	0	0	0.00384615384615385	0.00651465798045603	0	0
I402L	0	0	0.00384615384615385	0	0	0.0135135135135135
L455S	0	0	0.00384615384615385	0.00162866449511401	0	0
Y453H	0	0	0.00384615384615385	0.00162866449511401	0	0
V483L	0	0	0.00384615384615385	0.00325732899022801	0	0
P337S	0	0	0.00384615384615385	0	0.00623052959501558	0
G485S	0	0	0.00384615384615385	0.00488599348534202	0	0
F490I	0	0	0.00384615384615385	0.00162866449511401	0.00311526479750779	0
K417N	0	0	0.00384615384615385	0.00162866449511401	0.00311526479750779	0
K356N	0	0	0.00384615384615385	0.00162866449511401	0	0
P463A	0	0	0.00384615384615385	0	0	0
S349P	0	0	0.00384615384615385	0.00162866449511401	0	0
P463S	0	0	0.00384615384615385	0.00814332247557003	0	0
R408N	0	0	0.00384615384615385	0	0	0
P491A	0	0	0.00384615384615385	0	0	0
A522V	0	0	0.00384615384615385	0.011400651465798	0	0.0135135135135135
D427G	0	0	0.00384615384615385	0	0	0
A352V	0	0	0.00384615384615385	0	0	0
Y505H	0	0	0.00384615384615385	0.00488599348534202	0.00934579439252336	0
E516Q	0	0	0.00384615384615385	0.00162866449511401	0	0
I468L	0	0	0.00384615384615385	0	0	0
N481K	0	0	0	0.0179153094462541	0.00623052959501558	0
G485D	0	0	0	0.00814332247557003	0	0
N487D	0	0	0	0.00814332247557003	0.0124610591900312	0
F490V	0	0	0	0.00651465798045603	0.00934579439252336	0
V483I	0	0	0	0.00651465798045603	0	0
Q474H	0	0	0	0.00488599348534202	0.00311526479750779	0
N360S	0	0	0	0.00488599348534202	0	0
P521T	0	0	0	0.00488599348534202	0	0
L335F	0	0	0	0.00488599348534202	0.00311526479750779	0
S373P	0	0	0	0.00488599348534202	0.00623052959501558	0.0135135135135135
F486V	0	0	0	0.00488599348534202	0	0
T478Q	0	0	0	0.00488599348534202	0	0
A411S	0	0	0	0.00488599348534202	0	0
T345A	0	0	0	0.00488599348534202	0	0
V483A	0	0	0	0.00488599348534202	0	0
E465G	0	0	0	0.00325732899022801	0	0
T500A	0	0	0	0.00325732899022801	0.00623052959501558	0.0135135135135135
R408I	0	0	0	0.00325732899022801	0	0
V511I	0	0	0	0.00325732899022801	0	0
V445I	0	0	0	0.00325732899022801	0	0
H519Q	0	0	0	0.00325732899022801	0	0
T478N	0	0	0	0.00325732899022801	0.00311526479750779	0
D428G	0	0	0	0.00325732899022801	0.00623052959501558	0
K529R	0	0	0	0.00325732899022801	0	0
G482D	0	0	0	0.00325732899022801	0.00623052959501558	0
S359N	0	0	0	0.00325732899022801	0.00311526479750779	0
A352D	0	0	0	0.00325732899022801	0	0
K529N	0	0	0	0.00325732899022801	0	0
G339D	0	0	0	0.00325732899022801	0.00311526479750779	0
T430A	0	0	0	0.00325732899022801	0	0
Q474E	0	0	0	0.00325732899022801	0	0
D427H	0	0	0	0.00325732899022801	0	0
S494L	0	0	0	0.00325732899022801	0	0
A411V	0	0	0	0.00325732899022801	0	0
K462E	0	0	0	0.00325732899022801	0	0
G482V	0	0	0	0.00325732899022801	0	0
S459F	0	0	0	0.00325732899022801	0	0
I472V	0	0	0	0.00162866449511401	0	0
Y380F	0	0	0	0.00162866449511401	0	0
A475T	0	0	0	0.00162866449511401	0.00311526479750779	0
P499S	0	0	0	0.00162866449511401	0	0
V362F	0	0	0	0.00162866449511401	0	0
T523A	0	0	0	0.00162866449511401	0	0
F486I	0	0	0	0.00162866449511401	0	0
I472T	0	0	0	0.00162866449511401	0	0
Y351F	0	0	0	0.00162866449511401	0	0
A411T	0	0	0	0.00162866449511401	0	0
V445L	0	0	0	0.00162866449511401	0	0
R408G	0	0	0	0.00162866449511401	0	0
N388S	0	0	0	0.00162866449511401	0	0
T376A	0	0	0	0.00162866449511401	0	0
A348V	0	0	0	0.00162866449511401	0	0
I358V	0	0	0	0.00162866449511401	0	0
F486G	0	0	0	0.00162866449511401	0	0
S366T	0	0	0	0.00162866449511401	0	0
S373T	0	0	0	0.00162866449511401	0	0
Y473F	0	0	0	0.00162866449511401	0	0
N354S	0	0	0	0.00162866449511401	0.00311526479750779	0
A348T	0	0	0	0.00162866449511401	0	0
S477K	0	0	0	0.00162866449511401	0	0.027027027027027
A352N	0	0	0	0.00162866449511401	0	0
V483G	0	0	0	0.00162866449511401	0	0
G482R	0	0	0	0.00162866449511401	0.00311526479750779	0
R357G	0	0	0	0.00162866449511401	0	0
E471A	0	0	0	0.00162866449511401	0	0
G485V	0	0	0	0.00162866449511401	0	0
F456V	0	0	0	0.00162866449511401	0	0
N334K	0	0	0	0.00162866449511401	0.00623052959501558	0
Y396F	0	0	0	0.00162866449511401	0	0
E484A	0	0	0	0.00162866449511401	0	0
V395L	0	0	0	0.00162866449511401	0	0
T376V	0	0	0	0.00162866449511401	0	0.027027027027027
V341L	0	0	0	0.00162866449511401	0	0
L517I	0	0	0	0.00162866449511401	0.00311526479750779	0
F464L	0	0	0	0.00162866449511401	0	0
G339H	0	0	0	0.00162866449511401	0	0.0405405405405405
L368I	0	0	0	0.00162866449511401	0	0.0135135135135135
K462Q	0	0	0	0.00162866449511401	0	0
G339E	0	0	0	0.00162866449511401	0	0
E340V	0	0	0	0.00162866449511401	0.00311526479750779	0
T500N	0	0	0	0.00162866449511401	0	0
N360D	0	0	0	0.00162866449511401	0	0
G476C	0	0	0	0.00162866449511401	0	0
S373L	0	0	0	0.00162866449511401	0	0
P337A	0	0	0	0.00162866449511401	0	0
G485A	0	0	0	0.00162866449511401	0	0
P521Q	0	0	0	0.00162866449511401	0.00623052959501558	0
N481D	0	0	0	0.00162866449511401	0	0
Q474R	0	0	0	0.00162866449511401	0	0
D405N	0	0	0	0.00162866449511401	0	0
V510L	0	0	0	0.00162866449511401	0.00311526479750779	0
Y453F	0	0	0	0.00162866449511401	0	0
L518Q	0	0	0	0.00162866449511401	0	0
A522E	0	0	0	0.00162866449511401	0	0
T478K	0	0	0	0.00162866449511401	0	0
S514A	0	0	0	0.00162866449511401	0	0
T415N	0	0	0	0.00162866449511401	0	0
N487S	0	0	0	0.00162866449511401	0	0
L441R	0	0	0	0.00162866449511401	0	0
V445R	0	0	0	0	0.00934579439252336	0
Y489H	0	0	0	0	0.00934579439252336	0
L335S	0	0	0	0	0.00934579439252336	0
A352S	0	0	0	0	0.00934579439252336	0
T345I	0	0	0	0	0.00623052959501558	0
N448S	0	0	0	0	0.00623052959501558	0
E406Q	0	0	0	0	0.00623052959501558	0.0405405405405405
L461I	0	0	0	0	0.00623052959501558	0
L441G	0	0	0	0	0.00623052959501558	0
V395F	0	0	0	0	0.00623052959501558	0
T393A	0	0	0	0	0.00623052959501558	0
P499H	0	0	0	0	0.00623052959501558	0
N370S	0	0	0	0	0.00311526479750779	0
K458N	0	0	0	0	0.00311526479750779	0
N460I	0	0	0	0	0.00311526479750779	0
H519Y	0	0	0	0	0.00311526479750779	0
F347L	0	0	0	0	0.00311526479750779	0
L518V	0	0	0	0	0.00311526479750779	0
E516K	0	0	0	0	0.00311526479750779	0
P479S	0	0	0	0	0.00311526479750779	0
P521R	0	0	0	0	0.00311526479750779	0
Q493H	0	0	0	0	0.00311526479750779	0.0135135135135135
D442E	0	0	0	0	0.00311526479750779	0
K444E	0	0	0	0	0.00311526479750779	0
N450D	0	0	0	0	0.00311526479750779	0
T470A	0	0	0	0	0.00311526479750779	0
R357I	0	0	0	0	0.00311526479750779	0
D420A	0	0	0	0	0.00311526479750779	0
S366A	0	0	0	0	0	0.0405405405405405
F486L	0	0	0	0	0	0.027027027027027
S375Y	0	0	0	0	0	0.0135135135135135
G504D	0	0	0	0	0	0.0135135135135135
D428Y	0	0	0	0	0	0.0135135135135135
T385A	0	0	0	0	0	0.0135135135135135
H519L	0	0	0	0	0	0.0135135135135135
Y369H	0	0	0	0	0	0.0135135135135135
