Mutation	BF.7	BF.7	BQ.1	BQ.1.1	BA.4.6	CHN_BF714
S494P	0.05	0.05	0.0115384615384615	0.0162866449511401	0.0467289719626168	0.027027027027027
D420N	0.0416666666666667	0.0416666666666667	0.00384615384615385	0.00325732899022801	0.0249221183800623	0
V445F	0.0416666666666667	0.0416666666666667	0.00384615384615385	0.00814332247557003	0.0249221183800623	0
R346T	0.0416666666666667	0.0416666666666667	0.0423076923076923	0.00162866449511401	0.0155763239875389	0
K444N	0.0416666666666667	0.0416666666666667	0	0	0.0467289719626168	0
G446S	0.025	0.025	0.0115384615384615	0.0162866449511401	0.0249221183800623	0.0810810810810811
S477N	0.025	0.025	0.0153846153846154	0.0276872964169381	0.0218068535825545	0.027027027027027
T478R	0.0166666666666667	0.0166666666666667	0.00769230769230769	0.0276872964169381	0.0280373831775701	0.0135135135135135
E484V	0.0166666666666667	0.0166666666666667	0.0230769230769231	0.0179153094462541	0.0404984423676012	0.0405405405405405
K444R	0.0166666666666667	0.0166666666666667	0	0.00162866449511401	0.0311526479750779	0
K444T	0.00833333333333333	0.00833333333333333	0.0230769230769231	0.00977198697068404	0.00934579439252336	0
P479L	0.00833333333333333	0.00833333333333333	0.0153846153846154	0.0342019543973941	0.0186915887850467	0
L455F	0.00833333333333333	0.00833333333333333	0.0115384615384615	0.011400651465798	0.00623052959501558	0.0405405405405405
V445A	0.00833333333333333	0.00833333333333333	0.0192307692307692	0.011400651465798	0.0404984423676012	0.027027027027027
G476S	0.00833333333333333	0.00833333333333333	0.0230769230769231	0.0146579804560261	0.0155763239875389	0
K444M	0	0	0.0461538461538462	0.0374592833876222	0.00311526479750779	0
G416*	0	0	0.0461538461538462	0.011400651465798	0	0
R403K	0	0	0.00769230769230769	0	0	0.0405405405405405
R346I	0	0	0.00384615384615385	0.0195439739413681	0.0124610591900312	0.0135135135135135
G339H	0	0	0	0.00162866449511401	0	0.0405405405405405
E406Q	0	0	0	0	0.00623052959501558	0.0405405405405405
S366A	0	0	0	0	0	0.0405405405405405
