Mutation	A1	A2	B	C/D1	D2	D3	D4	E1/E2.1	E2.2	E3	F1	F3	SUM
331Y	0	0	0	0	0	0	0	0	0	0	0	0	-1.4634
331H	0	0	0	0	0	0	0	0	0	0	0	0	-0.82114
331D	0	0	0	0	0	0	0	0	0	0	0	0	-0.67964
331I	0	0	0	0	0	0	0	0	0	0	0	0	-1.62202
331T	0	0	0	0	0	0	0	0	0	0	0	0	-0.62408
331S	0	0	0	0	0	0	0	0	0	0	0	0	-0.76595
331K	0	0	0	0	0	0	0	0	0	0	0	0	-0.63511
331K	0	0	0	0	0	0	0	0	0	0	0	0	-0.63511
332F	0	0	0	0	0	0	0	0	0	0	0	0	-0.18855
332L	0	0	0	0	0	0	0	0	0	0	0	0	-0.08882
332V	0	0	0	0	0	0	0	0	0	0	0	0	-0.02973
332N	0	0	0	0	0	0	0	0	0	0	0	0	0.16544
332T	0	0	0	0	0	0	0	0	0	0	0	0	-0.03393
332S	0	0	0	0	0	0	0	0	0	0	0	0	0.08406
332M	0	0	0	0	0	0	0	0	0	0	0	0	-0.07754
333S	0	0	0	0	0	0	0	0	0	0	0	0	-0.14129
333P	0	0	0	0	0	0	0	0	0	0	0	0	-0.75041
333A	0	0	0	0	0	0	0	0	0	0	0	0	-0.96329
333K	0	0	0	0	0	0	0	0	0	0	0	0	-0.63786
333I	0	0	0	0	0	0	0	0	0	0	0	0	-1.46876
333R	0	0	0	0	0	0	0	0	0	0	0	0	-0.97269
334Y	0	0	0	0	0	0	0	0	0	0	0	0	-1.14149
334H	0	0	0	0	0	0	0	0	0	0	0	0	-0.36757
334D	0	0	0	0	0	0	0	0	0	0	0	0	-0.26077
334I	0	0	0	0	0	0	0	0	1	0	0	0	-1.39537
334T	0	0	0	0	0	0	0	0	0	0	0	0	-0.04102
334S	0	0	0	0	0	0	0	0	0	0	0	0	-0.22704
334K	0	0	0	0	0	0	0	0	0	0	0	0	0.00363
334K	0	0	0	0	0	0	0	0	0	0	0	0	0.00363
335M	0	0	0	0	0	0	0	0	0	0	0	0	-0.44383
335V	0	0	0	0	0	0	0	0	0	0	0	0	-0.21056
335*													
335S	0	0	0	0	0	0	0	0	0	0	0	0	-0.33049
335W	0	0	0	0	0	0	0	0	0	0	0	0	-0.53578
335F	0	0	0	0	0	0	0	0	0	0	0	0	-0.4092
335F	0	0	0	0	0	0	0	0	0	0	0	0	-0.4092
336S	0	0	0	0	1	1	0	1	1	1	1	0	-1.6852
336R	0	0	0	0	1	1	1	1	1	1	1	1	-2.57234
336G	0	0	0	1	1	1	1	1	1	0	1	1	-2.12846
336Y	0	0	0	0	1	1	1	1	1	1	1	1	-2.09142
336F	0	0	0	1	1	1	0	1	1	1	1	0	-1.96974
336S	0	0	0	0	1	1	0	1	1	1	1	0	-1.6852
336*													
336W	1	1	1	1	1	1	1	1	1	1	1	1	-2.44402
337T	0	0	0	0	0	0	0	0	0	0	0	0	-0.55127
337S	0	0	0	0	0	0	0	0	0	0	0	0	-0.37767
337A	0	0	0	0	0	0	0	0	0	0	0	0	-0.37543
337H	0	0	0	0	0	0	0	0	0	0	0	0	-0.7203
337L	0	0	0	0	0	0	0	0	0	0	0	0	-1.40736
337R	0	0	0	0	0	0	0	0	0	0	0	0	-0.11172
338I	0	0	0	0	0	0	0	0	0	0	0	0	-1.4525
338L	0	0	0	0	0	0	0	0	0	0	0	0	-0.29139
338V	0	0	0	0	0	0	0	0	0	0	0	0	-2.41992
338Y	0	0	0	0	0	0	0	0	0	0	0	0	-1.5448
338S	0	0	0	0	0	0	0	0	0	0	0	0	-3.04424
338C	0	1	0	0	0	0	0	0	0	0	0	0	-3.21097
338L	0	0	0	0	0	0	0	0	0	0	0	0	-0.29139
338L	0	0	0	0	0	0	0	0	0	0	0	0	-0.29139
339N	0	0	0	0	0	0	0	0	0	0	0	0	0.03168
339Y	0	0	0	0	0	0	0	0	0	0	0	0	-0.16177
339H	0	0	0	0	0	0	0	0	0	0	0	0	-0.08983
339V	0	0	0	0	0	0	0	0	0	0	0	0	-0.07015
339A	0	0	0	0	0	0	0	0	0	0	0	0	0.02834
339G	0	0	0	0	0	0	0	0	0	0	0	0	-0.32379
339E	0	0	0	0	0	0	0	0	0	0	0	0	0.08346
339E	0	0	0	0	0	0	0	0	0	0	0	0	0.08346
340K	0	0	0	0	0	0	0	0	0	0	0	0	-0.46127
340*													
340Q	0	0	0	0	0	0	0	0	0	0	0	0	-0.37844
340V	0	0	0	0	0	0	0	0	0	0	0	0	-1.28965
340A	0	0	0	0	0	0	0	0	0	0	0	0	-0.64586
340G	0	0	0	0	0	0	0	0	0	0	0	0	-1.53098
340D	0	0	0	0	0	0	0	0	0	0	0	0	-0.65766
340D	0	0	0	0	0	0	0	0	0	0	0	0	-0.65766
341I	0	0	0	0	0	0	0	0	0	0	0	0	0.15181
341F	0	0	0	0	0	0	0	1	0	0	0	0	-1.90143
341L	0	0	0	0	0	0	0	0	0	0	0	0	-1.30276
341D	0	0	0	0	0	0	0	0	0	0	0	0	-2.99448
341A	0	0	0	0	0	0	1	1	1	1	0	1	-2.76473
341G	0	0	0	0	0	0	0	0	0	0	0	0	-3.19373
342I	0	0	0	0	0	0	0	0	0	0	0	0	-1.66287
342L	0	0	0	0	0	0	0	0	0	0	0	0	-1.08925
342V	0	0	0	0	0	0	0	0	0	0	0	0	-1.75862
342Y	0	0	0	0	0	0	1	0	0	0	0	1	-2.81826
342S	0	0	0	0	0	0	0	0	0	0	0	0	-3.11896
342C	0	0	0	0	0	0	1	0	1	1	1	1	-2.2368
342L	0	0	0	0	0	0	0	0	0	0	0	0	-1.08925
342L	0	0	0	0	0	0	0	0	0	0	0	0	-1.08925
343Y	0	0	0	0	0	0	0	0	0	0	0	0	-2.0401
343H	0	0	0	0	0	0	0	0	0	0	0	0	-1.85741
343D	0	0	0	0	0	0	0	0	0	0	0	0	-2.11754
343I	0	0	0	0	0	0	0	0	0	0	0	0	-3.27824
343T	0	0	0	0	0	0	0	0	0	0	0	0	-1.81576
343S	0	0	0	0	0	0	0	0	0	0	0	0	-1.86511
343K	0	0	0	0	0	0	0	0	0	0	0	0	-1.50393
343K	0	0	0	0	0	0	0	0	0	0	0	0	-1.50393
344T	0	0	0	0	0	0	0	0	0	0	0	0	-1.54177
344S	0	0	0	0	0	0	0	0	0	0	0	0	-0.9298
344P	0	0	0	0	0	0	0	0	0	0	0	0	-2.71599
344D	0	0	0	0	0	0	0	0	0	0	0	0	-1.7231
344V	0	0	0	0	0	0	0	0	1	0	0	0	-1.62517
344G	0	0	0	0	0	0	0	0	1	0	0	0	-1.67914
345S	0	0	0	0	0	0	0	0	0	0	0	0	-0.07354
345P	0	0	0	0	0	0	0	0	0	0	0	0	-0.09728
345A	0	0	0	0	0	0	0	0	0	0	0	0	-0.8712
345N	0	0	0	0	0	0	0	0	0	0	0	0	-1.35042
345I	0	0	0	0	0	0	0	0	0	0	0	0	-1.88212
345S	0	0	0	0	0	0	0	0	0	0	0	0	-0.07354
346*													
346G	0	0	0	0	0	0	0	1	0	0	0	0	-1.31729
346K	0	0	0	0	0	0	0	1	0	0	0	0	0.14804
346I	0	0	0	0	0	0	0	1	0	0	0	0	-0.51001
346T	0	0	0	0	0	0	0	1	0	0	0	0	0.2406
346S	0	0	0	0	0	0	0	1	0	0	0	0	-0.07136
346S	0	0	0	0	0	0	0	1	0	0	0	0	-0.07136
347I	0	1	1	0	1	1	1	1	1	1	1	1	-2.32634
347L	0	0	0	0	0	0	1	0	1	0	1	1	-2.54932
347V	0	0	0	0	0	1	1	0	0	0	0	1	-1.87615
347Y	0	0	0	0	0	0	0	0	0	0	0	0	-1.60579
347S	0	0	0	0	0	0	0	0	0	0	0	0	-2.62347
347C	0	0	0	0	0	0	0	0	0	0	0	0	-2.69954
347L	0	0	0	0	0	0	1	0	1	0	1	1	-2.54932
347L	0	0	0	0	0	0	1	0	1	0	1	1	-2.54932
348T	0	0	0	0	0	0	0	1	0	0	0	0	-1.58106
348S	0	0	0	0	0	0	0	0	0	0	0	0	-0.32987
348P	0	0	0	0	0	0	0	0	0	0	0	0	0.39851
348E	0	0	0	0	0	0	0	1	1	0	0	0	-0.82283
348V	0	0	0	0	0	0	0	1	0	0	0	0	-1.70127
348G	0	0	0	0	0	0	0	0	0	0	0	0	-0.89305
349T	0	0	0	0	0	0	0	0	0	0	0	0	-2.57722
349P	0	0	0	0	0	0	0	1	0	0	0	0	-0.51283
349A	0	0	0	0	0	0	0	0	0	0	0	0	-1.5906
349Y	0	0	0	0	0	0	0	0	0	0	0	0	-3.74654
349F	0	0	0	0	0	0	0	0	0	0	0	1	-3.50422
349C	0	0	0	0	0	0	0	1	1	0	0	0	-1.68475
350I	0	0	0	0	0	0	0	0	1	0	0	0	-1.5538
350F	0	0	0	0	0	1	1	0	0	0	0	1	-3.45573
350L	0	0	0	0	0	0	0	0	0	0	0	0	-3.32616
350D	0	1	1	0	0	0	0	0	1	1	0	1	-4.42686
350A	0	0	0	0	0	0	0	0	0	0	0	0	-1.61837
350G	0	0	0	0	0	0	0	0	0	0	0	0	-3.44679
351N	0	1	0	0	0	0	0	1	1	0	1	0	-1.9282
351H	0	0	0	0	0	0	0	0	0	0	0	0	-0.66952
351D	0	0	0	0	0	0	0	0	1	0	0	1	-3.75943
351F	0	0	0	0	0	0	0	0	0	0	0	0	-0.44786
351S	1	1	1	1	1	1	1	1	1	1	1	1	-2.06968
351C	1	1	1	1	1	1	1	1	1	1	1	1	-2.46979
351*													
351*													
352T	0	0	0	0	0	0	0	0	0	0	0	0	-1.41739
352S	0	0	0	0	0	0	0	0	0	0	0	0	-0.33581
352P	0	0	0	0	0	0	0	0	0	0	0	0	-3.73531
352D	0	0	0	0	0	0	0	1	1	0	0	0	-0.44258
352V	0	0	0	0	0	0	0	0	0	0	0	0	-2.04041
352G	0	0	0	0	0	0	0	0	0	0	0	0	-1.44017
353R	0	0	0	0	0	0	0	0	0	0	0	0	-3.91538
353R	0	0	0	0	0	0	0	0	0	0	0	0	-3.91538
353G	1	1	1	0	0	1	1	0	1	1	1	1	-3.67451
353*													
353L	0	0	1	0	0	0	0	0	0	0	0	0	-3.81961
353S	1	1	0	0	0	1	0	1	1	0	0	1	-3.38718
353*													
353C	0	0	0	0	0	0	1	0	0	0	0	1	-3.68768
353C	0	0	0	0	0	0	1	0	0	0	0	1	-3.68768
354Y	0	0	0	0	0	0	0	0	1	0	0	0	-1.84335
354H	0	0	0	0	0	0	0	0	0	0	0	0	-0.36236
354D	0	0	0	0	0	0	0	1	1	0	0	0	-0.16829
354I	0	0	0	0	0	0	0	0	1	0	0	0	-1.997
354T	0	0	0	0	0	0	0	0	0	0	0	0	0.05634
354S	0	0	0	0	0	0	0	0	0	0	0	0	-0.09886
354K	0	0	0	0	0	0	0	1	0	0	0	0	0.15334
354K	0	0	0	0	0	0	0	1	0	0	0	0	0.15334
355W	0	0	0	0	0	0	0	0	0	0	0	0	-3.53189
355G	0	0	0	0	0	0	0	0	0	0	0	0	-4.01726
355K	0	0	0	0	1	0	0	0	1	1	0	1	-3.08697
355M	0	0	0	0	0	0	0	0	1	0	0	0	-3.56036
355T	0	0	1	0	0	0	0	0	1	1	0	0	-2.65466
355S	0	0	0	0	0	0	0	0	1	0	0	1	-2.67455
355S	0	0	0	0	0	0	0	0	1	0	0	1	-2.67455
356*													
356Q	0	0	0	0	0	0	0	0	1	0	0	0	-0.64771
356E	0	0	0	0	0	0	0	1	1	0	0	0	-1.65236
356M	0	0	0	0	0	0	0	0	1	0	0	0	-0.60349
356T	0	0	0	0	0	0	0	1	1	0	0	0	0.12598
356R	0	0	0	0	0	0	0	0	0	0	0	0	0.03808
356N	0	0	0	0	0	0	0	0	1	0	0	0	-1.64689
356N	0	0	0	0	0	0	0	0	1	0	0	0	-1.64689
357*													
357G	0	0	0	0	0	0	0	0	1	0	0	0	-1.78356
357K	0	0	0	0	0	0	0	0	0	0	0	0	0.24373
357I	0	0	0	0	0	0	0	0	1	0	0	0	-0.01631
357T	0	0	0	0	0	0	0	0	1	0	0	0	-0.13795
357S	0	0	0	0	0	0	0	0	1	0	0	0	-0.9971
357S	0	0	0	0	0	0	0	0	1	0	0	0	-0.9971
358F	0	0	0	0	0	0	0	0	0	0	0	0	0.35311
358L	0	0	0	0	0	0	0	0	0	0	0	0	-0.07204
358V	0	0	0	0	0	0	0	0	0	0	0	0	-1.5789
358N	0	0	0	0	0	0	0	0	0	0	0	0	-3.09487
358T	0	0	0	0	0	0	0	0	0	0	0	0	-2.87697
358S	0	0	0	0	0	0	0	0	0	0	0	0	-3.01481
358M	0	0	0	0	0	0	0	0	0	0	0	0	0.29249
359C	0	0	0	0	0	0	0	0	0	0	0	0	-0.981
359R	0	0	0	0	0	0	0	0	0	0	0	0	-0.56763
359G	0	0	0	0	0	0	0	0	0	0	0	0	-0.71599
359N	0	0	0	0	0	0	0	0	0	0	0	0	-0.32442
359I	0	0	0	0	0	0	0	0	0	0	0	0	-1.41084
359T	0	0	0	0	0	0	0	0	0	0	0	0	-0.05511
359R	0	0	0	0	0	0	0	0	0	0	0	0	-0.56763
359R	0	0	0	0	0	0	0	0	0	0	0	0	-0.56763
360Y	0	0	0	0	0	0	0	0	0	0	0	0	-1.65492
360H	0	0	0	0	0	0	0	0	0	0	0	0	-0.622
360D	0	0	0	0	0	0	0	0	0	0	0	0	-0.37708
360I	0	0	0	0	0	0	0	0	0	0	0	0	-2.81204
360T	0	0	0	0	0	0	0	0	0	0	1	0	-1.85902
360S	0	0	0	0	0	0	0	0	0	0	0	0	-1.25919
360K	0	0	0	0	0	0	0	0	0	0	0	0	-1.58038
360K	0	0	0	0	0	0	0	0	0	0	0	0	-1.58038
361S	1	1	0	1	1	1	1	1	1	1	1	1	-1.71659
361R	0	0	0	1	1	0	1	1	1	1	1	0	-1.75926
361G	0	0	0	0	0	0	0	0	0	0	0	0	-1.98512
361Y	0	0	0	1	1	1	1	1	1	1	1	0	-2.04529
361F	0	0	0	1	1	1	1	1	1	1	1	0	-1.81404
361S	1	1	0	1	1	1	1	1	1	1	1	1	-1.71659
361*													
361W	0	0	1	1	1	1	1	1	1	1	1	1	-2.28259
362I	0	0	0	0	0	0	0	0	0	0	0	0	-0.13693
362F	0	0	0	0	0	0	0	0	0	0	0	0	-0.95036
362L	0	0	0	0	0	0	0	0	0	0	0	0	-0.76224
362D	0	0	0	0	0	0	0	0	0	0	0	0	-1.33145
362A	0	0	0	0	0	0	0	0	0	0	0	0	-1.41091
362G	0	0	0	0	0	0	0	0	0	0	0	0	-1.81263
363T	0	0	0	0	0	0	0	0	0	0	0	0	-1.28616
363S	0	0	0	0	0	0	0	0	0	0	0	0	-1.09496
363P	0	0	0	0	0	0	0	0	0	0	0	0	-0.39895
363D	0	0	0	0	0	0	0	1	1	0	0	0	-2.05177
363V	0	0	0	0	0	0	0	0	0	0	0	0	-0.09957
363G	0	0	0	0	0	0	0	0	0	0	1	0	-1.3528
364N	0	0	0	0	0	0	0	0	0	0	0	0	-0.69896
364Y	0	0	1	0	1	1	1	0	0	0	0	0	-2.44637
364H	0	0	0	0	1	0	1	0	0	0	0	0	-1.91056
364V	0	0	0	0	0	0	0	0	0	0	0	0	-2.62169
364A	1	1	1	0	1	1	1	1	1	0	1	1	-2.28308
364G	0	0	0	0	0	0	0	0	0	0	0	0	-2.33709
364E	0	0	0	0	0	0	0	0	0	0	0	0	-1.7076
364E	0	0	0	0	0	0	0	0	0	0	0	0	-1.7076
365N	0	0	0	0	0	0	0	0	1	0	1	0	-1.59645
365H	0	0	0	0	0	0	0	0	0	0	1	0	-1.71463
365D	0	1	0	0	0	0	0	1	1	1	1	0	-1.59346
365F	0	0	0	0	0	0	0	0	0	0	0	0	0.2617
365S	0	0	0	0	0	0	0	0	0	1	1	0	-1.31584
365C	0	0	0	0	0	0	0	0	0	0	1	0	-1.66729
365*													
365*													
366T	0	0	0	0	0	0	0	0	0	0	0	0	-0.1807
366P	0	0	0	0	0	0	0	0	0	0	0	0	-1.96802
366A	0	0	0	0	0	0	0	0	0	0	0	0	-0.63516
366Y	0	0	0	0	0	0	0	0	0	0	0	0	-2.02419
366F	0	0	0	0	0	0	0	0	0	0	0	0	-2.07405
366C	0	0	0	0	0	0	0	0	0	0	0	0	-2.37553
367I	0	0	0	0	0	0	0	0	0	0	0	0	-0.05567
367F	0	0	0	0	0	0	0	0	0	0	0	0	0.40843
367L	0	0	0	0	0	0	0	0	0	0	0	0	-0.06869
367D	0	0	0	0	0	0	0	0	0	0	0	0	-0.6831
367A	0	0	0	0	0	0	0	0	0	0	0	0	0.03643
367G	0	0	0	0	0	0	0	0	0	0	0	0	-0.69267
368I	0	0	0	0	0	0	0	0	0	0	0	0	0.27938
368V	0	0	0	0	0	0	0	0	0	0	0	0	-0.42278
368Q	1	0	1	0	0	1	1	1	0	1	0	1	-2.91872
368P	1	1	1	1	1	1	1	1	1	0	1	1	-2.57013
368R	0	0	0	0	0	0	0	0	0	0	0	0	-2.78369
369N	0	0	0	0	0	0	0	0	0	0	0	0	0.28385
369H	0	0	0	0	0	0	0	0	0	0	0	0	0.00685
369D	0	0	0	0	0	0	0	0	0	0	0	0	0.25554
369F	0	0	0	0	0	0	0	0	0	0	0	0	0.30001
369S	0	0	0	0	0	0	0	0	0	0	0	0	0.09484
369C	0	0	0	0	0	0	0	0	0	0	0	0	-1.35098
369*													
369*													
370Y	0	0	0	0	0	0	0	0	0	0	0	0	-1.46836
370H	0	0	0	0	0	0	0	0	0	0	0	0	-0.18183
370D	0	0	0	0	0	0	0	0	0	0	0	0	-0.25556
370I	0	0	0	0	0	0	0	0	0	0	0	0	-2.00742
370T	0	0	0	0	0	0	0	0	0	0	0	0	-0.20588
370S	0	0	0	0	0	0	0	0	0	0	0	0	-0.20308
370K	0	0	0	0	0	0	0	0	0	0	0	0	0.28535
370K	0	0	0	0	0	0	0	0	0	0	0	0	0.28535
371I	0	0	0	0	0	0	0	0	0	0	0	0	-0.62859
371L	0	0	0	0	0	0	0	0	0	0	0	0	-0.07407
371V	0	0	0	0	0	0	0	0	0	0	0	0	-0.77223
371Y	0	0	0	0	0	0	0	0	0	0	0	0	0.27883
371S	0	0	0	0	0	0	0	0	0	0	0	0	-0.46737
371C	0	0	0	0	0	0	0	0	0	0	0	0	-1.17638
371L	0	0	0	0	0	0	0	0	0	0	0	0	-0.07407
371L	0	0	0	0	0	0	0	0	0	0	0	0	-0.07407
372T	0	0	0	0	0	0	0	0	0	0	0	0	-1.24818
372S	0	0	0	0	0	0	0	0	0	0	0	0	-0.98166
372P	0	0	0	0	0	0	0	0	0	0	0	0	-1.48239
372E	0	0	0	0	0	0	0	0	0	0	0	0	-0.67528
372V	0	0	0	0	0	0	0	0	0	0	0	0	-0.40441
372G	0	0	0	0	0	0	0	0	0	0	0	0	0.2197
373T	0	0	0	0	0	0	0	0	0	0	0	0	-1.5124
373S	0	0	0	0	0	0	0	0	0	0	0	0	-1.17389
373A	0	0	0	0	0	0	0	0	0	0	0	0	-1.33267
373Q	0	0	0	0	0	0	0	0	0	0	0	0	-1.30304
373L	0	0	0	0	0	0	0	0	0	0	1	0	-1.97815
373R	0	0	0	0	0	0	0	0	0	0	0	0	-1.32641
374I	0	0	0	0	0	0	0	0	0	0	0	0	-0.69711
374L	0	0	0	0	0	0	0	0	0	0	0	0	-0.40048
374V	0	0	0	0	0	0	0	0	0	0	0	0	-0.73088
374Y	0	0	0	0	0	0	0	0	0	0	0	0	-0.40576
374S	0	0	0	0	0	0	0	0	0	0	0	0	-0.30905
374C	0	0	0	0	0	0	0	0	0	0	0	0	-1.73125
374L	0	0	0	0	0	0	0	0	0	0	0	0	-0.40048
374L	0	0	0	0	0	0	0	0	0	0	0	0	-0.40048
375I	0	0	0	0	0	0	0	0	0	0	0	0	-0.46723
375L	0	0	0	0	0	0	0	0	0	0	0	0	-0.28579
375V	0	0	0	0	0	0	0	0	0	0	0	0	0.01856
375Y	0	0	0	0	0	0	0	0	0	0	0	0	0.25728
375S	0	0	0	0	0	0	0	0	0	0	0	0	0.26302
375C	0	0	0	0	0	0	0	0	0	0	0	0	-0.46694
375L	0	0	0	0	0	0	0	0	0	0	0	0	-0.28579
375L	0	0	0	0	0	0	0	0	0	0	0	0	-0.28579
376T	0	0	0	0	0	0	0	0	0	0	0	0	0.21637
376S	0	0	0	0	0	0	0	0	0	0	0	0	0.15809
376P	0	0	0	0	0	0	0	0	0	0	0	0	-1.83702
376D	0	0	0	0	0	0	0	0	0	0	1	0	-0.57379
376V	0	0	0	0	0	0	0	0	0	0	0	0	0.2787
376G	0	0	0	0	0	0	0	0	0	0	0	0	-0.70273
377I	0	0	0	0	0	0	0	0	0	0	1	0	-0.46572
377L	0	0	0	0	0	0	0	0	0	0	0	0	-1.25683
377V	0	0	0	0	0	0	0	0	0	0	0	0	-0.48739
377Y	0	0	0	0	0	0	0	0	0	0	0	0	-1.3055
377S	0	0	0	0	0	0	0	0	0	0	1	0	-1.70674
377C	0	0	0	0	0	0	0	0	0	0	1	0	-1.48761
377L	0	0	0	0	0	0	0	0	0	0	0	0	-1.25683
377L	0	0	0	0	0	0	0	0	0	0	0	0	-1.25683
378*													
378Q	0	0	0	0	0	0	0	0	0	0	1	0	-0.73264
378E	0	0	0	0	0	0	0	0	0	0	1	0	-0.90679
378M	0	0	0	0	0	0	0	0	0	0	1	0	-1.81663
378T	0	0	0	0	0	0	0	0	0	0	1	0	-0.60633
378R	0	0	0	0	0	0	0	0	0	0	0	0	0.11578
378N	0	0	0	0	0	0	0	0	0	0	1	0	-0.16756
378N	0	0	0	0	0	0	0	0	0	0	1	0	-0.16756
379S	0	0	0	0	0	0	0	0	0	0	0	0	-3.45634
379R	0	0	0	0	0	0	0	0	0	0	0	0	-3.8219
379G	0	0	0	0	0	0	0	0	0	0	0	0	-3.97238
379Y	0	0	0	0	0	0	0	0	0	0	0	0	-2.94906
379F	0	0	0	0	0	0	0	0	0	0	0	0	-2.54217
379S	0	0	0	0	0	0	0	0	0	0	0	0	-3.45634
379*													
379W	0	0	0	0	0	0	0	0	0	0	1	0	-0.91082
380N	0	0	0	0	0	0	0	0	0	0	0	0	-3.80909
380H	0	0	0	0	0	0	0	0	0	0	0	0	-2.26756
380D	0	0	0	0	0	0	0	0	0	0	0	1	-4.65043
380F	0	0	0	0	0	0	0	0	0	0	0	0	-0.94483
380S	0	0	1	0	0	0	0	0	0	0	0	0	-3.48343
380C	0	0	0	0	0	0	0	0	0	0	0	0	-3.65271
380*													
380*													
381R	0	0	0	0	0	0	0	0	0	0	1	0	-0.50239
381*													
381R	0	0	0	0	0	0	0	0	0	0	1	0	-0.50239
381E	0	0	0	0	0	0	1	0	0	0	0	0	-2.65149
381V	0	0	0	0	0	0	0	0	0	0	0	0	-2.81699
381A	0	0	0	0	0	1	1	1	1	0	1	1	-2.02304
382M	0	0	0	0	0	0	0	0	0	0	0	0	-1.30308
382L	0	0	0	0	0	0	0	0	0	0	0	0	-0.68223
382L	0	0	0	0	0	0	0	0	0	0	0	0	-0.68223
382E	0	0	0	0	0	0	0	0	0	0	0	0	-2.75591
382A	0	0	0	0	0	0	0	0	0	0	0	0	-1.74271
382G	0	0	0	0	0	0	1	0	0	0	1	1	-2.75819
383T	0	0	0	0	0	0	0	0	0	0	0	0	-0.29051
383P	0	0	0	0	0	0	0	0	0	0	1	0	-1.12655
383A	0	0	0	0	0	0	0	0	0	0	0	0	-0.3641
383Y	0	0	0	0	0	0	0	0	0	0	1	0	-1.4096
383F	0	0	0	0	0	0	0	0	0	0	1	0	-1.65759
383C	0	0	0	0	0	0	0	0	0	0	1	0	-1.45307
384T	0	0	0	0	0	0	0	0	0	0	1	0	-0.84364
384S	0	0	0	0	0	0	0	0	0	0	1	0	-0.47519
384A	0	0	0	0	0	0	0	0	0	0	0	0	0.10796
384H	0	0	0	0	0	0	0	0	0	0	0	0	-0.44117
384L	0	0	0	0	0	0	0	0	0	0	1	0	0.11207
384R	0	0	0	0	0	0	0	0	0	0	1	0	-0.01265
385S	0	0	0	0	0	0	0	0	0	0	0	0	0.03411
385P	0	0	0	0	0	0	0	0	0	0	1	0	-1.08213
385A	0	0	0	0	0	0	0	0	0	0	1	0	0.04913
385N	0	0	0	0	0	0	0	0	0	0	1	0	0.14953
385I	0	0	0	0	0	0	0	0	0	0	0	0	-0.86829
385S	0	0	0	0	0	0	0	0	0	0	0	0	0.03411
386*													
386Q	0	0	0	0	0	0	0	0	0	0	1	0	0.0862
386E	0	0	0	0	0	0	0	0	0	0	1	0	0.11332
386I	0	0	0	0	0	0	0	0	0	0	1	0	-1.20652
386T	0	0	0	0	0	0	0	0	0	0	1	0	-0.44583
386R	0	0	0	0	0	0	0	0	0	0	0	0	-0.14938
386N	0	0	0	0	0	0	0	0	0	0	1	0	-0.17925
386N	0	0	0	0	0	0	0	0	0	0	1	0	-0.17925
387I	0	0	0	0	0	0	0	0	0	0	0	0	-1.28336
387V	0	0	0	0	0	0	0	0	0	0	0	0	-1.69648
387*													
387S	0	0	0	0	0	1	0	0	0	0	1	0	-2.21793
387*													
387F	0	0	0	0	0	0	0	0	0	0	1	0	-1.54366
387F	0	0	0	0	0	0	0	0	0	0	1	0	-1.54366
388Y	0	0	0	0	0	0	0	0	0	0	0	0	-1.55329
388H	0	0	0	0	0	0	0	0	0	0	0	0	-0.47528
388D	0	0	0	0	0	0	0	0	0	0	0	0	-0.35289
388I	0	0	0	0	0	0	0	0	0	0	0	0	-1.54374
388T	0	0	0	0	0	0	0	0	0	0	0	0	-0.88611
388S	0	0	0	0	0	0	0	0	0	0	0	0	-0.44848
388K	0	0	0	0	0	0	0	0	0	0	0	0	-0.2344
388K	0	0	0	0	0	0	0	0	0	0	0	0	-0.2344
389N	0	0	0	0	0	0	0	0	0	0	0	0	-0.2755
389Y	0	0	0	0	0	0	0	0	0	0	0	0	-0.77867
389H	0	0	0	0	0	0	0	0	0	0	0	0	-0.42527
389V	0	0	0	0	0	0	0	0	0	0	0	0	-1.75027
389A	0	0	0	0	0	0	0	0	0	0	0	0	-0.88737
389G	0	0	0	0	0	0	0	0	0	0	0	0	-0.68249
389E	0	0	0	0	0	0	0	0	0	0	0	0	0.25588
389E	0	0	0	0	0	0	0	0	0	0	0	0	0.25588
390I	0	0	0	0	0	0	0	0	0	0	0	0	-0.71248
390F	0	0	0	0	0	0	0	0	0	0	0	0	-0.88476
390V	0	0	0	0	0	0	0	0	0	0	0	0	-0.53414
390H	0	0	0	0	0	0	0	0	0	0	0	0	-0.85447
390P	0	0	0	0	0	0	0	0	0	0	0	0	-1.73756
390R	0	0	0	0	0	0	0	0	0	0	0	0	-0.67212
391S	0	0	0	0	0	0	0	0	0	1	0	0	-0.48723
391R	0	0	0	0	0	0	0	0	0	1	0	0	-0.11096
391G	0	0	0	0	0	0	0	0	0	1	0	0	-1.40441
391Y	0	0	0	0	0	0	0	0	0	1	1	0	-1.54177
391F	0	0	0	0	0	0	0	0	0	1	1	0	-1.62608
391S	0	0	0	0	0	0	0	0	0	1	0	0	-0.48723
391*													
391W	0	0	0	0	0	0	0	0	0	1	1	0	-1.58502
392I	0	0	0	0	0	0	0	0	0	1	0	0	#VALUE!
392L	0	0	0	0	0	0	0	0	0	0	0	0	#VALUE!
392V	0	0	0	0	0	0	0	0	0	0	0	0	#VALUE!
392Y	0	0	0	0	0	0	0	0	0	0	0	0	#VALUE!
392S	0	0	0	0	0	0	0	0	0	0	0	0	-1.43368
392C	0	0	0	0	0	0	0	0	0	0	0	0	#VALUE!
392L	0	0	0	0	0	0	0	0	0	0	0	0	#VALUE!
392L	0	0	0	0	0	0	0	0	0	0	0	0	#VALUE!
393S	0	0	0	0	0	0	0	0	0	0	0	0	-0.1614
393P	0	0	0	0	0	0	0	0	0	0	0	0	-1.49956
393A	0	0	0	0	0	0	0	0	0	0	0	0	-0.15761
393N	0	0	0	0	0	0	0	0	0	0	0	0	-0.26313
393I	0	0	0	0	0	0	0	0	0	1	0	0	-1.211
393S	0	0	0	0	0	0	0	0	0	0	0	0	-0.1614
394Y	0	0	0	0	0	0	0	0	0	0	0	0	-0.3217
394H	0	0	0	0	0	0	0	0	0	0	0	0	-0.06413
394D	0	0	0	0	0	0	0	0	0	1	0	0	-0.67406
394I	0	0	0	0	0	0	0	0	0	1	0	0	-1.29189
394T	0	0	0	0	0	0	0	0	0	0	0	0	0.06946
394S	0	0	0	0	0	0	0	0	0	0	0	0	-0.14689
394K	0	0	0	0	0	0	0	0	0	0	0	0	-0.54505
394K	0	0	0	0	0	0	0	0	0	0	0	0	-0.54505
395I	0	0	0	0	0	0	0	0	0	0	0	0	0.1163
395F	0	0	0	0	0	0	0	0	0	0	0	0	-1.17225
395L	0	0	0	0	0	0	0	0	0	0	0	0	-0.31174
395D	0	0	0	0	0	0	0	0	0	0	0	0	-4.3584
395A	0	0	0	0	0	0	0	0	0	0	0	0	-0.88872
395G	0	0	0	0	0	0	0	0	0	0	0	0	-1.50946
396N	0	0	0	0	0	0	0	0	0	0	0	0	-0.84857
396H	0	0	0	0	0	0	1	0	0	1	0	0	-1.4329
396D	0	0	0	0	0	0	0	0	0	0	0	0	-1.83681
396F	0	0	0	0	0	0	0	0	0	0	0	0	-0.42272
396S	0	0	0	0	0	0	1	0	1	1	1	0	-1.35512
396C	0	0	0	0	0	0	0	0	0	1	1	0	-1.52445
396*													
396*													
397T	0	0	0	0	0	0	0	0	0	0	0	0	-1.95582
397S	0	0	0	0	0	0	0	0	0	0	0	0	-2.78273
397P	0	0	0	0	0	0	0	0	0	0	0	0	-4.47072
397E	0	0	0	0	0	0	0	0	0	0	0	0	-3.22477
397V	0	0	0	0	0	0	0	0	0	0	0	0	-0.50553
397G	0	0	0	0	0	0	0	0	0	0	0	0	-3.42993
398N	0	0	0	0	0	0	0	0	0	0	0	0	-3.17269
398Y	0	0	0	0	0	0	0	0	0	0	0	0	-2.69178
398H	0	0	0	0	0	0	0	0	0	0	0	0	-2.70367
398V	0	0	0	0	0	0	0	0	0	0	0	1	-3.16171
398A	0	0	0	0	0	0	0	0	0	0	0	0	-3.08793
398G	0	0	0	0	0	0	0	0	0	0	0	0	-3.40065
398E	0	0	0	0	0	0	0	0	0	0	0	0	-3.25557
398E	0	0	0	0	0	0	0	0	0	0	0	0	-3.25557
399T	0	0	0	0	0	0	0	0	0	0	0	0	-0.64041
399P	0	0	0	0	0	0	0	0	0	0	0	0	-3.92966
399A	0	1	0	0	1	1	1	1	1	0	1	1	-1.77721
399*													
399L	0	0	0	0	0	0	0	0	0	0	0	0	-3.03104
399*													
400I	0	0	0	0	0	0	0	0	0	0	0	0	-3.95296
400L	0	0	0	0	0	0	0	0	0	0	0	0	-3.18833
400V	0	0	0	0	0	0	0	0	0	0	0	0	-3.78455
400Y	0	0	0	0	0	0	0	0	1	0	0	0	-3.19834
400S	0	0	0	0	0	0	0	0	0	0	0	0	-3.81999
400C	0	0	0	0	0	0	0	0	0	0	0	0	-4.51624
400L	0	0	0	0	0	0	0	0	0	0	0	0	-3.18833
400L	0	0	0	0	0	0	0	0	0	0	0	0	-3.18833
401I	0	0	0	0	0	0	0	0	0	0	0	0	-0.89815
401L	0	0	0	0	0	0	0	0	0	0	0	0	-2.00865
401L	0	0	0	0	0	0	0	0	0	0	0	0	-2.00865
401E	0	0	1	0	0	0	1	0	0	0	0	1	-4.40843
401A	0	0	0	0	0	0	0	0	0	0	0	0	-2.48496
401G	0	0	0	0	0	0	0	0	0	0	0	0	-3.76694
402F	0	0	0	0	0	0	0	0	0	0	0	0	-3.97598
402L	0	0	0	0	0	0	0	0	0	0	0	0	-0.19805
402V	0	0	0	0	0	0	0	0	0	0	0	0	0.21492
402N	0	0	0	0	0	0	0	0	0	0	0	0	-3.76047
402T	0	0	0	0	0	0	0	0	1	0	0	0	-2.29821
402S	0	0	0	0	0	0	0	0	0	0	0	0	-3.44027
402M	0	0	0	0	0	0	0	0	0	0	0	0	-2.09169
403*													
403G	0	1	0	0	0	0	0	0	0	0	0	1	-0.46216
403K	0	1	0	0	0	0	0	0	0	0	0	0	0.60091
403I	1	1	0	0	0	0	1	0	0	0	0	1	-2.64186
403T	1	1	0	0	0	0	0	0	0	0	0	1	-0.83707
403S	1	1	0	0	0	0	0	0	0	0	0	1	0.11973
403S	1	1	0	0	0	0	0	0	0	0	0	1	0.11973
404S	0	0	0	0	0	0	0	0	0	0	0	1	-2.62739
404C	0	1	0	0	0	1	1	0	1	1	1	1	-3.09957
404R	0	0	0	0	0	0	0	0	0	0	0	1	-1.54074
404D	0	1	1	0	0	1	1	0	1	0	0	1	-3.99612
404V	0	0	0	0	0	0	0	0	0	0	0	0	-3.97092
404A	0	0	0	0	0	0	0	0	0	0	0	0	-2.06718
405Y	0	0	0	0	0	0	0	0	0	0	0	1	-0.49024
405H	0	0	0	0	0	0	0	0	0	0	0	1	0.10429
405D	0	1	0	0	0	0	0	0	0	0	0	1	0.47552
405I	0	0	0	0	0	0	0	0	0	0	0	1	-1.30064
405T	0	0	0	0	0	0	0	0	0	0	0	0	-0.56843
405S	0	0	0	0	0	0	0	0	0	0	0	1	0.22758
405K	0	1	0	0	0	0	0	0	0	0	0	1	-0.22071
405K	0	1	0	0	0	0	0	0	0	0	0	1	-0.22071
406K	0	0	0	0	0	0	0	0	0	0	0	0	-3.15725
406*													
406Q	0	1	0	0	0	0	0	0	0	0	0	0	-0.32303
406V	0	0	0	0	0	0	0	0	0	0	0	0	-2.74795
406A	0	0	0	0	0	0	0	0	0	0	0	0	-1.9595
406G	0	0	0	0	0	0	0	0	0	0	0	0	-2.85991
406D	0	1	0	0	0	0	0	0	0	0	0	0	-0.34994
406D	0	1	0	0	0	0	0	0	0	0	0	0	-0.34994
407I	0	0	0	0	0	0	0	0	0	0	0	0	-0.27077
407F	0	0	0	0	0	0	0	0	0	0	0	0	-1.62362
407L	0	0	0	0	0	0	0	0	0	0	0	0	0.2122
407D	0	0	0	0	0	0	0	0	0	0	0	0	-4.09971
407A	1	0	1	0	1	1	1	0	1	1	1	1	-2.41467
407G	0	0	0	0	0	0	0	0	0	0	0	0	-3.39275
408C	0	0	0	0	0	0	0	0	0	0	0	0	-1.42213
408R	0	0	0	0	0	0	0	0	0	0	0	0	-0.44142
408G	0	0	0	0	0	0	0	0	0	0	0	0	-0.25175
408N	0	0	0	0	0	0	0	0	0	0	0	0	-0.22758
408I	0	0	0	0	0	0	0	0	0	0	0	0	-1.63759
408T	0	0	0	0	0	0	0	0	0	0	0	0	-0.78738
408R	0	0	0	0	0	0	0	0	0	0	0	0	-0.44142
408R	0	0	0	0	0	0	0	0	0	0	0	0	-0.44142
409K	0	0	0	0	0	0	0	0	0	0	0	0	-1.65649
409*													
409E	1	1	0	0	0	0	0	0	0	0	0	0	-1.58281
409L	0	0	0	0	0	0	0	0	0	0	0	0	-3.01093
409P	0	0	0	0	0	0	0	0	0	0	0	1	-4.0121
409R	0	0	0	0	0	0	0	0	0	0	0	0	-2.59015
409H	0	0	0	0	0	0	1	0	1	1	0	1	-2.49417
409H	0	0	0	0	0	0	1	0	1	1	0	1	-2.49417
410F	0	0	1	0	0	0	0	0	0	0	0	0	-3.7746
410L	0	0	0	0	0	0	0	0	0	0	0	0	-1.73466
410V	0	0	0	0	0	0	0	0	0	0	0	0	-1.09073
410N	0	0	0	0	0	0	0	0	0	0	0	0	-3.90737
410T	0	0	0	0	0	0	0	0	0	0	0	0	-3.4083
410S	0	0	0	0	0	0	0	0	0	0	0	0	-3.76418
410M	0	0	0	0	0	0	0	0	0	0	0	0	-2.64316
411T	0	0	0	0	0	0	0	0	1	0	0	0	-2.02956
411S	0	0	0	0	0	0	0	0	0	0	0	0	-1.50772
411P	0	0	0	0	0	0	0	0	0	0	0	0	-3.64095
411D	0	0	0	0	0	0	0	0	1	0	0	0	-2.70501
411V	0	0	0	0	0	0	0	0	0	0	0	0	-1.94603
411G	0	0	0	0	0	0	0	0	0	0	0	0	-1.4059
412T	0	0	0	0	0	0	0	0	0	0	0	0	-2.91282
412S	0	0	0	0	0	0	0	0	0	0	0	0	-3.05624
412A	0	0	0	0	0	0	0	0	0	0	0	0	-3.15281
412Q	0	0	0	0	0	0	0	0	0	0	0	0	-3.29813
412L	0	0	0	0	0	0	0	0	0	0	0	0	-3.17488
412R	0	0	0	0	0	0	1	0	0	0	0	1	-3.0681
413R	0	1	0	0	0	0	0	0	0	0	0	0	-0.48893
413W	0	0	0	0	0	0	0	0	0	0	0	0	-2.02747
413R	0	1	0	0	0	0	0	0	0	0	0	0	-0.48893
413E	0	0	0	0	0	0	0	0	0	0	0	0	-1.58507
413V	0	1	0	0	0	0	1	0	0	0	0	1	-2.37331
413A	0	0	0	0	0	0	0	0	0	0	0	0	-1.38556
414K	0	0	0	0	0	0	0	0	0	0	0	0	-0.22436
414*													
414E	0	0	0	0	0	0	0	0	0	0	0	0	-1.01125
414L	0	0	0	0	0	0	0	0	0	0	0	0	-2.04594
414P	0	0	1	0	0	0	0	0	0	0	0	1	-3.22906
414R	0	0	0	0	0	0	0	0	0	0	0	0	-0.64657
414H	0	0	0	0	0	0	0	0	0	0	0	0	-1.4657
414H	0	0	0	0	0	0	0	0	0	0	0	0	-1.4657
415S	0	0	0	0	0	0	0	0	0	0	0	0	-0.01411
415P	0	0	0	0	0	0	0	0	0	0	0	0	-1.78902
415A	0	0	0	0	0	0	0	0	0	0	0	0	-0.79527
415N	0	0	0	0	0	0	0	0	0	0	0	0	-0.63571
415I	0	0	0	0	0	0	0	0	0	0	0	0	-1.27013
415S	0	0	0	0	0	0	0	0	0	0	0	0	-0.01411
416R	0	0	0	0	0	0	0	0	0	0	0	0	-3.04103
416*													
416R	0	0	0	0	0	0	0	0	0	0	0	0	-3.04103
416E	0	0	0	0	0	0	0	0	0	0	0	0	-4.14928
416V	0	0	1	0	0	0	0	0	1	0	0	0	-3.25836
416A	1	0	1	0	1	1	0	0	1	1	1	1	-3.12246
417Y	0	1	0	0	0	0	0	0	0	0	0	0	1.0506
417H	0	1	0	0	0	0	0	0	0	0	0	0	0.61936
417D	0	1	0	0	0	0	0	0	0	0	0	0	-1.01251
417I	0	1	0	0	0	0	0	0	0	0	0	0	0.69141
417T	0	1	0	0	0	0	0	0	0	0	0	0	0.23913
417S	0	0	0	0	0	0	0	0	0	0	0	0	-0.18845
417K	0	1	0	0	0	0	0	0	0	0	0	0	0.52622
417K	0	1	0	0	0	0	0	0	0	0	0	0	0.52622
418F	0	0	0	0	0	0	0	0	0	0	0	0	-3.32161
418L	0	0	0	0	0	0	0	0	0	0	0	0	-2.51357
418V	0	0	0	0	0	0	0	0	0	0	0	0	-0.7367
418N	0	0	0	0	0	0	0	0	0	0	0	0	-3.74609
418T	0	0	0	0	0	0	0	0	0	0	0	0	-2.64271
418S	0	0	0	0	0	0	0	0	0	0	0	0	-3.19707
418M	0	0	0	0	0	0	0	0	0	0	0	0	-2.67132
419T	1	1	1	1	0	1	0	0	0	0	0	1	-3.86056
419S	1	1	1	0	0	1	0	0	0	0	0	1	-3.56314
419P	0	0	0	0	0	0	0	0	0	0	0	0	-1.27043
419D	0	0	1	0	0	0	0	0	0	0	0	0	-4.11952
419V	0	0	0	0	0	0	0	0	0	0	0	0	-2.00607
419G	0	0	0	0	0	0	0	0	0	0	0	0	-2.56576
420N	1	1	0	0	0	0	0	0	0	0	0	0	-0.21531
420Y	1	1	0	0	0	0	0	0	0	0	0	0	-1.69552
420H	1	1	0	0	0	1	0	0	0	0	0	0	-1.54571
420V	0	0	0	0	0	0	0	0	0	0	0	0	-2.54798
420A	1	1	0	0	0	0	0	0	0	0	0	0	-1.08945
420G	1	0	0	0	0	0	0	0	0	0	0	0	-1.65184
420E	1	0	0	0	0	0	0	0	0	0	0	0	-1.13025
420E	1	0	0	0	0	0	0	0	0	0	0	0	-1.13025
421N	1	1	0	0	0	0	0	0	0	0	0	0	-1.20211
421H	1	0	0	0	0	0	0	0	0	0	0	0	-1.12333
421D	1	1	1	0	1	1	1	0	1	1	1	1	-3.4201
421F	0	0	0	0	0	0	0	0	0	0	0	0	-0.1339
421S	1	1	1	0	0	0	1	0	1	1	1	1	-1.78593
421C	1	1	0	0	1	1	1	1	1	1	1	1	-1.69403
421*													
421*													
422Y	0	0	0	0	0	0	0	0	0	0	0	0	-3.40468
422H	0	0	0	0	0	0	1	0	1	1	1	1	-3.38492
422D	0	0	0	0	0	0	0	0	0	0	0	0	-3.89888
422I	0	0	0	0	0	0	0	0	0	1	0	0	-3.87725
422T	0	0	0	0	0	0	0	0	0	0	0	0	-4.02268
422S	0	0	0	0	0	0	0	0	0	0	0	0	-2.85983
422K	0	0	0	0	0	0	0	0	0	0	0	0	-3.30532
422K	0	0	0	0	0	0	0	0	0	0	0	0	-3.30532
423N	0	0	0	0	0	0	0	0	0	0	0	0	-4.07358
423H	0	0	0	0	0	0	0	0	0	0	0	0	-3.6579
423D	0	0	0	0	0	0	0	0	0	0	0	0	-4.60527
423F	0	0	0	0	0	0	0	0	1	0	0	1	-2.34685
423S	0	0	1	0	0	0	0	0	0	0	0	0	-3.8994
423C	0	0	0	0	0	0	0	0	0	0	0	0	-4.26981
423*													
423*													
424*													
424Q	0	0	0	0	0	0	0	0	0	0	0	0	-2.33059
424E	0	0	0	0	0	0	0	0	0	0	0	0	-4.26213
424I	0	0	0	0	0	0	0	0	0	0	0	0	-4.20766
424T	0	0	0	0	0	0	0	0	0	0	0	0	-4.06037
424R	0	0	0	0	0	0	0	0	0	0	0	0	-0.95834
424N	0	0	0	0	0	0	0	0	0	0	0	0	-1.82298
424N	0	0	0	0	0	0	0	0	0	0	0	0	-1.82298
425I	0	0	0	0	0	0	0	0	0	0	0	0	-0.23227
425V	0	0	0	0	0	0	0	0	0	0	0	0	-0.41734
425*													
425S	0	0	0	0	0	0	0	0	0	0	0	0	-4.10512
425*													
425F	0	0	1	0	0	0	0	0	0	0	0	1	-3.35395
425F	0	0	1	0	0	0	0	0	0	0	0	1	-3.35395
426T	0	0	0	0	0	0	0	0	0	0	0	0	-2.30995
426S	0	0	0	0	0	0	0	0	0	0	0	0	-1.68526
426A	0	0	0	0	0	0	0	0	0	0	0	0	-1.47508
426Q	0	0	0	0	0	0	0	0	0	0	0	1	-2.65645
426L	0	0	0	0	0	0	0	0	0	0	0	0	-3.46657
426R	0	0	0	0	0	0	0	0	0	0	0	0	-2.51182
427N	0	0	0	0	0	0	0	0	0	0	0	0	-0.28916
427Y	0	0	0	0	0	0	0	0	0	0	0	0	-1.29544
427H	0	0	0	0	0	0	0	0	0	0	0	0	-0.44679
427V	0	0	0	0	0	0	0	0	0	0	0	0	-0.52265
427A	0	0	0	0	0	0	0	0	0	0	0	0	-0.45599
427G	0	0	0	0	0	0	0	0	0	0	0	0	-1.00303
427E	0	0	0	0	0	0	0	0	0	0	0	0	-0.35852
427E	0	0	0	0	0	0	0	0	0	0	0	0	-0.35852
428N	0	0	0	0	0	0	0	0	0	1	0	0	0.05468
428Y	0	0	0	0	0	0	0	0	0	1	0	0	-1.49326
428H	0	0	0	0	0	0	0	0	0	1	0	0	-0.54737
428V	0	0	0	0	0	0	0	0	0	0	0	0	-1.50289
428A	0	0	0	0	0	0	0	0	0	1	0	0	-0.99521
428G	0	0	0	0	0	0	0	0	0	0	0	0	-1.30232
428E	0	0	0	0	0	0	0	0	0	0	0	0	-0.82375
428E	0	0	0	0	0	0	0	0	0	0	0	0	-0.82375
429I	0	0	0	0	0	0	0	0	0	0	0	0	-3.03379
429L	0	0	0	0	0	0	0	0	0	0	0	0	-2.8019
429V	0	0	0	0	0	0	0	0	0	0	0	0	-3.36361
429Y	0	0	0	0	0	0	0	0	0	0	0	0	-2.39913
429S	0	0	0	0	0	0	0	0	0	0	0	0	-4.28581
429C	0	0	0	0	0	0	0	0	0	0	0	0	-4.30235
429L	0	0	0	0	0	0	0	0	0	0	0	0	-2.8019
429L	0	0	0	0	0	0	0	0	0	0	0	0	-2.8019
430S	0	0	0	0	0	0	0	0	0	0	0	0	-1.41401
430P	0	0	0	0	0	0	0	0	0	0	0	0	-4.29761
430A	0	0	0	0	0	0	0	0	0	0	0	0	-1.55655
430K	0	0	0	0	0	0	0	0	0	0	0	0	-0.21013
430I	0	0	0	0	0	0	0	0	0	0	0	0	0.09987
430R	0	0	0	0	0	0	0	0	0	0	0	0	-0.12883
431S	0	0	0	0	0	0	0	0	0	0	0	0	-4.38296
431C	0	0	0	0	0	0	0	0	0	0	0	0	-3.86605
431R	0	0	0	0	0	0	0	0	0	0	0	0	-3.95235
431D	0	0	0	0	0	0	0	0	0	0	0	0	-5.07464
431V	0	0	0	0	0	0	0	0	0	0	0	0	-3.4466
431A	0	0	0	0	0	0	0	0	0	0	0	0	-3.99085
432S	0	0	0	0	0	0	0	0	0	0	0	0	-3.86205
432R	0	0	0	0	0	0	0	0	0	0	0	0	-3.81318
432G	0	0	0	0	0	0	0	0	0	0	0	0	-3.80941
432Y	0	0	0	0	0	0	0	0	0	0	0	0	-3.46331
432F	0	0	0	0	0	0	0	0	0	0	0	0	-3.07634
432S	0	0	0	0	0	0	0	0	0	0	0	0	-3.86205
432*													
432W	0	0	0	0	0	0	0	0	0	0	0	0	-3.55541
433I	0	0	0	0	0	0	0	0	0	0	0	0	-1.27102
433F	0	0	0	0	0	0	0	0	0	0	0	0	-3.70014
433L	0	0	0	0	0	0	0	0	0	0	0	0	-3.17323
433D	0	0	0	0	0	0	0	0	0	0	0	0	-5.43702
433A	0	0	0	0	0	0	0	0	0	0	0	0	-3.67141
433G	0	0	0	0	0	0	0	0	0	0	0	0	-4.333
434L	0	0	0	0	0	0	0	0	0	0	0	0	-0.58042
434L	0	0	0	0	0	0	0	0	0	0	0	0	-0.58042
434V	0	0	0	0	0	0	0	0	0	0	0	0	-0.83851
434K	0	0	0	0	0	0	0	0	0	0	0	0	-3.74731
434T	0	0	0	0	0	0	0	0	0	0	0	0	-2.58788
434R	0	0	0	0	0	0	0	0	0	0	0	0	-4.27578
434M	0	0	0	0	0	0	0	0	0	0	0	0	-0.66994
435T	0	0	0	0	0	0	0	0	0	0	0	0	-0.94072
435S	0	0	0	0	0	0	0	0	0	0	0	0	-0.22508
435P	0	1	1	1	1	1	1	0	0	0	0	1	-3.89535
435D	0	0	0	0	0	0	0	0	0	0	0	1	-4.46625
435V	0	0	0	0	0	0	0	0	0	0	0	0	-0.7513
435G	0	0	0	0	0	0	0	0	0	0	0	0	-2.50103
436R	0	0	0	0	0	0	0	0	0	0	0	0	-2.1663
436R	0	0	0	0	0	0	0	0	0	0	0	0	-2.1663
436G	0	0	0	0	0	0	0	0	0	0	0	0	-3.59123
436*													
436L	0	0	0	0	0	0	0	0	0	0	0	0	-1.7063
436S	0	0	0	0	0	0	0	0	0	0	0	1	-2.84191
436*													
436C	0	0	0	0	0	0	0	0	0	0	0	0	-2.5546
436C	0	0	0	0	0	0	0	0	0	0	0	0	-2.5546
437Y	0	0	1	0	0	1	0	0	0	0	0	1	-3.27391
437H	0	0	1	0	0	0	1	0	1	0	0	1	-2.84633
437D	0	0	1	0	0	1	1	1	0	0	0	1	-2.74104
437I	0	0	0	0	0	0	0	0	0	0	0	0	-3.3
437T	0	0	1	0	0	1	0	0	0	0	0	0	-2.53814
437S	0	0	0	0	0	1	0	0	0	0	0	0	-1.49597
437K	0	1	0	0	1	1	1	1	1	0	0	1	-1.74201
437K	0	1	0	0	1	1	1	1	1	0	0	1	-1.74201
438T	0	0	0	0	0	0	0	0	0	0	0	0	-0.72504
438P	0	0	0	0	0	0	0	0	0	0	0	0	-4.12061
438A	0	0	0	0	0	0	0	0	0	0	0	0	-0.27276
438Y	0	1	1	0	1	1	1	0	0	0	0	0	-3.56873
438F	0	0	0	0	0	0	0	0	0	0	0	0	-3.51441
438C	0	1	1	1	1	1	1	1	1	0	1	1	-1.93816
439Y	0	1	0	0	1	1	0	0	0	0	0	0	-1.95215
439H	0	0	0	0	0	1	1	0	0	0	0	0	-1.05007
439D	0	0	0	0	1	1	1	0	0	0	0	0	-1.47743
439I	0	0	0	0	0	1	0	0	0	0	0	0	-1.97317
439T	1	1	0	0	1	1	1	0	0	0	0	0	-1.96663
439S	0	1	0	0	1	1	1	0	0	0	0	0	-1.41568
439K	0	0	0	0	1	1	0	0	0	0	0	0	-0.95112
439K	0	0	0	0	1	1	0	0	0	0	0	0	-0.95112
440*													
440Q	0	0	0	0	0	1	0	0	0	0	0	0	-0.39777
440E	0	0	0	0	0	1	0	0	0	0	0	0	-0.24423
440M	0	0	0	0	0	1	0	0	0	0	0	0	-1.03901
440T	0	0	0	0	0	1	0	0	0	0	0	0	-0.47894
440R	0	0	0	0	0	1	0	0	0	0	0	0	-0.28557
440N	0	0	0	0	0	1	0	0	0	0	0	0	-0.25081
440N	0	0	0	0	0	1	0	0	0	0	0	0	-0.25081
441I	0	0	0	0	0	0	0	0	0	0	0	0	-0.07086
441F	0	0	0	0	0	0	0	0	0	0	0	0	-0.44119
441V	0	0	0	0	0	0	0	0	0	0	0	0	0.00994
441H	0	0	0	0	0	0	0	0	0	0	0	0	-0.16927
441P	0	0	0	0	0	1	0	0	0	0	0	0	-1.5995
441R	0	0	0	0	0	0	0	0	0	0	0	0	-0.38583
442N	0	0	0	0	0	0	0	0	0	0	0	0	-3.60556
442Y	0	0	0	0	0	0	0	0	0	0	0	0	-3.35706
442H	0	0	0	0	0	0	0	0	0	0	0	0	-3.5757
442V	0	0	0	0	0	0	0	0	0	0	0	0	-3.45286
442A	0	0	0	0	0	0	0	0	0	0	0	0	-3.46577
442G	0	0	0	0	0	0	0	0	0	0	0	0	-3.37712
442E	0	1	0	0	0	1	1	0	1	0	0	1	-2.88287
442E	0	1	0	0	0	1	1	0	1	0	0	1	-2.88287
443T	0	0	0	0	0	1	0	0	0	0	0	0	-1.98168
443P	0	0	0	0	0	0	0	0	0	1	0	0	-3.81197
443A	0	0	0	0	0	0	0	0	0	0	0	0	0.0213
443Y	0	0	0	0	0	1	1	0	0	0	0	1	-3.50412
443F	0	0	0	0	0	0	0	0	0	0	0	0	-3.38853
443C	0	0	0	0	1	1	1	0	0	0	0	0	-2.65236
444*													
444Q	0	0	0	0	1	1	0	1	0	0	0	0	0.00157
444E	0	0	0	0	1	1	0	1	0	0	0	0	-0.20025
444M	0	0	0	0	1	1	0	1	0	0	0	0	-0.34249
444T	0	0	0	0	1	1	0	1	0	0	0	0	-0.29371
444R	0	0	0	0	1	0	0	1	0	0	0	0	-0.13913
444N	0	0	0	0	1	1	0	1	0	0	0	0	-0.23164
444N	0	0	0	0	1	1	0	1	0	0	0	0	-0.23164
445I	0	0	0	0	0	0	0	0	0	0	0	0	0.02517
445F	0	0	0	0	1	1	0	0	0	0	0	0	-0.6275
445L	0	0	0	0	1	1	0	0	0	0	0	0	-0.11069
445D	0	0	0	0	1	1	1	0	0	0	0	0	-0.17548
445A	0	0	0	0	1	1	1	0	0	0	0	0	-0.14417
445G	0	0	0	0	1	0	0	0	0	0	0	0	-0.50528
446S	0	0	0	0	1	0	0	1	0	0	0	0	-0.25369
446C	0	0	0	0	0	0	0	0	0	0	0	0	-2.56318
446R	0	0	0	0	1	0	0	1	0	0	0	0	-0.91822
446D	0	0	0	0	1	0	1	1	0	0	0	0	-0.15571
446V	0	0	0	0	0	0	0	0	0	0	0	0	-1.10433
446A	0	0	0	0	1	0	0	1	0	0	0	0	-0.31882
447S	0	0	0	1	1	1	1	1	0	0	0	0	-2.12131
447C	0	0	0	0	0	0	1	0	0	0	0	0	-3.08081
447R	0	0	0	1	1	1	1	1	0	0	0	0	-2.60018
447D	0	0	0	1	1	1	1	1	0	0	0	0	-2.35861
447V	0	0	0	0	0	0	0	0	0	0	0	0	-2.51027
447A	0	0	0	0	0	0	0	0	0	0	0	0	-1.73223
448Y	0	0	0	0	1	1	0	1	0	0	0	0	-2.1849
448H	0	0	0	0	1	0	0	1	0	0	0	0	-1.585
448D	0	0	0	0	1	0	0	1	0	0	0	0	-0.74302
448I	0	0	0	1	1	1	1	1	0	0	0	0	-2.85165
448T	0	0	0	0	1	0	0	1	0	0	0	0	-1.28181
448S	0	0	0	0	1	0	0	1	0	0	0	0	-0.9481
448K	0	0	0	0	0	0	0	0	0	0	0	0	-2.04057
448K	0	0	0	0	0	0	0	0	0	0	0	0	-2.04057
449N	0	0	0	1	0	0	1	1	0	0	0	0	-0.32636
449H	0	0	0	0	0	0	0	1	0	0	0	0	-0.17089
449D	0	0	0	1	0	0	1	1	0	0	0	0	-0.23003
449F	0	0	0	0	0	0	0	0	0	0	0	0	-0.94181
449S	0	0	0	1	0	0	1	1	0	0	0	0	-0.41549
449C	0	0	0	1	0	0	1	1	0	0	0	0	-1.71504
449*													
449*													
450Y	0	0	0	0	0	0	0	1	0	0	0	0	-0.91095
450H	0	0	0	0	0	0	0	1	0	0	0	0	-0.47903
450D	0	0	0	0	0	0	0	1	0	0	0	0	0.00778
450I	0	0	0	0	0	0	0	1	0	0	0	0	-1.26485
450T	0	0	0	1	1	0	0	1	0	0	0	0	-0.84798
450S	0	0	0	0	0	0	0	1	0	0	0	0	-0.09906
450K	0	0	0	0	0	0	0	1	0	0	0	0	-0.13773
450K	0	0	0	0	0	0	0	1	0	0	0	0	-0.13773
451N	0	0	0	0	0	0	0	0	1	0	1	0	-1.50327
451H	0	0	0	0	0	0	0	0	0	0	0	0	-0.3882
451D	0	0	0	0	0	0	0	0	0	0	0	0	-4.28905
451F	0	0	0	0	0	0	0	0	0	0	0	0	-0.30202
451S	0	1	0	0	1	1	1	1	1	0	0	1	-1.77358
451C	1	1	1	1	1	1	1	1	1	1	1	1	-1.7918
451*													
451*													
452W	0	0	0	0	0	0	0	0	0	0	0	0	-0.35514
452G	0	0	0	0	0	0	0	0	0	0	0	0	0.01818
452Q	0	0	0	0	0	0	0	0	0	0	0	0	0.11977
452L	0	0	0	0	0	0	0	0	0	0	0	0	0
452P	0	0	0	0	0	0	0	0	0	0	0	0	-4.70246
453N	1	1	0	1	1	1	1	1	1	1	1	1	-0.82191
453H	0	1	0	0	0	0	0	0	0	0	0	0	-0.20109
453D	0	0	0	0	0	0	0	0	0	0	0	0	-2.63678
453F	0	0	0	0	0	0	0	0	0	0	0	0	0.86818
453S	0	1	0	0	0	0	0	0	0	0	0	0	0.09237
453C	1	1	0	1	1	1	1	1	1	1	1	1	-1.05502
453*													
453*													
454*													
454G	0	0	1	0	1	0	0	1	1	1	1	1	-4.3541
454K	1	1	1	0	1	1	1	1	1	1	1	1	-2.80647
454I	0	0	1	0	0	0	0	0	0	0	0	1	-3.8092
454T	0	0	0	0	0	0	0	0	0	0	0	1	-4.2943
454S	0	0	0	0	0	0	0	0	0	0	0	1	-4.05256
454S	0	0	0	0	0	0	0	0	0	0	0	1	-4.05256
455M	0	0	0	0	0	0	0	0	0	0	0	0	0.07296
455V	0	0	0	0	0	0	0	0	0	0	0	0	-0.64143
455*													
455S	1	1	0	0	0	0	0	0	0	0	0	0	0.19919
455W	1	1	0	1	0	0	0	0	0	0	0	0	0.35159
455F	1	1	0	0	0	0	0	0	0	0	0	0	-0.70275
455F	1	1	0	0	0	0	0	0	0	0	0	0	-0.70275
456I	1	1	0	0	0	0	0	0	0	0	0	0	-1.75649
456L	1	1	0	0	0	0	0	0	0	0	0	0	-1.2342
456V	1	1	0	0	0	0	0	0	0	0	0	0	-0.77108
456Y	1	1	0	0	0	0	0	0	0	0	0	0	-1.61393
456S	1	1	1	1	0	0	0	0	0	0	0	0	-1.47897
456C	1	1	1	1	0	0	0	0	0	0	0	0	-0.82386
456L	1	1	0	0	0	0	0	0	0	0	0	0	-1.2342
456L	1	1	0	0	0	0	0	0	0	0	0	0	-1.2342
457W	0	0	1	0	1	1	0	1	1	0	0	1	-3.5247
457G	1	1	1	1	1	1	1	1	1	1	1	1	-1.73352
457K	0	0	0	0	0	0	0	0	0	0	0	0	-1.4004
457M	1	0	1	0	0	1	1	0	1	1	1	1	-3.06537
457T	1	1	1	1	1	1	1	1	1	1	1	1	-3.40393
457S	0	0	0	0	0	1	0	0	1	0	1	0	-1.77848
457S	0	0	0	0	0	1	0	0	1	0	1	0	-1.77848
458*													
458Q	0	0	0	0	0	0	0	0	0	0	0	0	-0.24437
458E	0	0	0	0	0	0	0	0	0	0	0	0	-0.15762
458M	0	0	0	0	0	0	0	0	0	0	0	0	-1.02464
458T	0	0	0	0	0	0	0	0	0	0	0	0	-0.21084
458R	0	0	0	0	0	0	0	0	0	0	0	0	-0.23644
458N	0	0	0	0	0	0	0	0	0	0	0	0	-0.26896
458N	0	0	0	0	0	0	0	0	0	0	0	0	-0.26896
459T	0	0	0	0	0	0	0	0	0	0	0	0	0.14498
459P	0	0	0	0	0	0	0	0	0	0	0	0	-0.43301
459A	0	0	0	0	0	0	0	0	0	0	0	0	-0.17185
459Y	0	0	0	0	0	0	0	0	0	0	0	0	-0.8947
459F	0	0	0	0	0	0	0	0	0	0	0	0	-1.09615
459C	0	0	0	0	0	0	0	0	0	0	0	0	-0.9136
460Y	0	0	0	0	0	0	0	0	0	0	0	0	-0.60823
460H	1	0	0	0	0	0	0	0	0	0	0	0	0.03714
460D	0	0	0	0	0	0	0	0	0	0	0	0	-0.61618
460I	1	0	0	0	0	0	0	0	0	0	0	0	-0.00289
460T	1	0	0	0	0	0	0	0	0	0	0	0	-0.02169
460S	1	0	0	0	0	0	0	0	0	0	0	0	-0.04225
460K	1	0	0	0	0	0	0	0	0	0	0	0	0.50144
460K	1	0	0	0	0	0	0	0	0	0	0	0	0.50144
461I	0	0	0	0	0	0	0	0	0	0	0	0	-0.07791
461F	0	0	0	0	0	0	0	0	0	0	0	0	-2.72328
461V	0	0	0	0	0	0	0	0	0	0	0	0	-0.74539
461H	0	0	0	0	0	0	0	0	0	0	0	0	-3.31665
461P	0	0	0	0	0	0	0	0	0	0	0	0	-3.74268
461R	0	0	0	0	0	0	0	0	0	0	0	0	-3.52253
462*													
462Q	0	0	0	0	0	0	0	0	0	0	0	0	-0.25888
462E	0	0	0	0	0	0	0	0	0	1	0	0	-0.36209
462I	0	0	0	0	0	0	0	0	0	1	0	0	-1.071
462T	0	0	0	0	0	0	0	0	0	1	0	0	-0.73101
462R	0	0	0	0	0	0	0	0	0	0	0	0	-0.22273
462N	0	0	0	0	0	0	0	0	0	0	0	0	-0.55346
462N	0	0	0	0	0	0	0	0	0	0	0	0	-0.55346
463T	0	0	1	0	0	0	0	0	1	0	0	1	-2.17328
463S	0	0	0	0	0	0	0	0	0	0	0	0	-1.49942
463A	0	0	0	0	0	0	0	0	0	1	0	0	-0.90204
463H	0	0	0	0	0	0	0	0	0	0	0	0	-1.88662
463L	0	0	0	0	0	0	0	0	0	0	0	0	-3.25233
463R	0	0	0	0	0	0	0	0	0	0	0	0	-2.77709
464I	0	0	0	0	0	0	0	0	0	0	0	0	-2.31094
464L	0	0	0	0	0	0	0	0	0	0	0	0	-1.25994
464V	0	0	0	0	0	0	0	0	1	1	0	0	-2.16226
464Y	0	0	0	0	0	0	0	0	0	0	0	0	0.19666
464S	0	0	0	0	0	0	0	0	0	1	0	0	-1.22457
464C	0	0	0	0	0	0	0	0	1	1	0	0	-1.5946
464L	0	0	0	0	0	0	0	0	0	0	0	0	-1.25994
464L	0	0	0	0	0	0	0	0	0	0	0	0	-1.25994
465K	0	0	0	0	0	0	0	0	0	0	0	0	-1.80383
465*													
465Q	0	0	0	0	0	0	0	0	0	0	0	0	-0.40986
465V	0	0	0	0	0	0	0	0	0	0	0	0	-1.8022
465A	0	0	0	0	0	0	0	0	0	0	0	0	-1.35541
465G	0	0	0	0	0	0	0	0	0	0	0	0	-1.1455
465D	0	0	0	0	0	0	0	0	0	0	0	0	-1.09837
465D	0	0	0	0	0	0	0	0	0	0	0	0	-1.09837
466*													
466G	0	0	1	0	0	0	1	0	1	1	1	1	-2.94148
466K	0	0	0	0	0	0	0	0	1	0	0	0	-0.38095
466I	0	0	0	0	0	0	0	0	1	0	0	0	-1.66244
466T	0	1	1	0	1	0	0	1	1	1	1	1	-1.8483
466S	0	0	0	0	0	0	0	1	1	1	0	1	-1.68591
466S	0	0	0	0	0	0	0	1	1	1	0	1	-1.68591
467N	0	0	0	0	0	0	0	0	0	0	0	0	-2.74739
467Y	0	0	0	0	0	0	0	0	0	0	0	0	-3.13531
467H	0	0	0	0	0	0	0	0	0	0	0	0	-3.12228
467V	0	0	0	0	0	0	0	0	0	0	0	0	-3.1354
467A	0	0	0	0	0	0	0	0	0	0	0	0	-2.98906
467G	0	0	0	0	0	0	0	0	0	0	0	0	-3.45273
467E	0	0	0	0	0	0	0	0	0	1	0	0	-2.55147
467E	0	0	0	0	0	0	0	0	0	1	0	0	-2.55147
468F	0	0	0	0	0	0	0	0	0	0	0	0	-1.30279
468L	0	0	0	0	0	0	0	0	0	0	0	0	-0.01377
468V	0	0	0	0	0	0	0	0	0	0	0	0	0.2092
468N	0	0	0	0	0	0	0	1	1	0	0	0	-0.02857
468T	0	0	0	0	0	0	0	0	0	0	0	0	0.07922
468S	0	0	0	0	0	0	0	0	0	0	0	0	-0.36906
468M	0	0	0	0	0	0	0	0	0	0	0	0	-0.06713
469T	0	0	0	0	0	0	0	0	0	0	0	0	-0.04384
469P	0	0	0	0	0	0	0	0	0	0	0	1	-3.81318
469A	0	0	0	0	0	0	0	0	0	0	0	0	-0.75912
469*													
469L	0	0	0	0	0	0	0	0	1	0	0	0	-1.90197
469*													
470S	0	0	0	0	0	0	0	0	0	0	0	0	-0.11543
470P	0	0	0	0	0	0	0	0	0	0	0	0	-0.82167
470A	0	0	0	0	0	0	0	0	0	0	0	0	-0.23299
470N	0	0	0	0	0	0	0	0	0	0	0	0	-0.1325
470I	0	0	0	0	0	0	0	0	0	0	0	0	-1.18414
470S	0	0	0	0	0	0	0	0	0	0	0	0	-0.11543
471K	0	0	0	0	0	0	0	0	0	0	0	0	-0.63295
471*													
471Q	0	0	0	0	0	0	0	0	0	0	0	0	-0.32661
471V	0	0	0	0	0	0	0	0	0	0	0	0	-0.83896
471A	0	0	0	0	0	0	0	0	0	0	0	0	-0.45198
471G	0	0	0	0	0	0	0	0	0	0	0	0	-0.2487
471D	0	0	0	0	0	0	0	0	0	0	0	0	0.09081
471D	0	0	0	0	0	0	0	0	0	0	0	0	0.09081
472F	0	0	0	1	0	0	0	0	0	0	0	0	-1.03803
472L	0	0	0	0	0	0	0	0	0	0	0	0	-0.35286
472V	0	0	0	0	0	0	0	0	0	0	0	0	-0.1432
472N	1	1	0	1	0	0	0	0	0	0	0	0	-2.31861
472T	1	0	0	1	0	0	0	0	0	0	0	0	-0.93594
472S	1	1	1	1	0	0	0	0	0	0	0	0	-2.42536
472M	0	0	0	0	0	0	0	0	0	0	0	0	-0.01082
473N	1	0	1	1	0	0	0	0	0	0	0	0	-2.78829
473H	0	0	0	0	0	0	0	0	0	0	0	0	-0.39897
473D	1	0	0	1	0	0	0	0	0	0	0	1	-2.78049
473F	0	0	0	0	0	0	0	0	0	0	0	0	-0.03626
473S	1	1	1	1	0	0	0	0	0	0	0	0	-2.58972
473C	1	0	0	0	0	0	0	0	1	0	0	0	-2.46551
473*													
473*													
474K	0	0	0	0	0	0	0	0	0	0	0	0	-0.87815
474*													
474E	0	0	0	0	0	0	0	0	0	0	0	0	-0.21783
474L	0	0	0	0	0	0	0	0	0	0	0	0	-2.42366
474P	0	0	0	0	0	0	0	0	0	0	0	0	-0.79747
474R	0	0	0	0	0	0	0	0	0	0	0	0	-0.66712
474H	0	0	0	0	0	0	0	0	0	0	0	0	-1.29232
474H	0	0	0	0	0	0	0	0	0	0	0	0	-1.29232
475T	1	0	1	0	0	0	0	0	0	0	0	0	-1.06628
475S	0	0	0	0	0	0	0	0	0	0	0	0	-0.49525
475P	0	0	0	0	0	0	0	0	0	0	0	0	-2.64392
475D	0	0	0	0	0	0	0	0	0	0	0	0	-3.05412
475V	0	0	0	0	0	0	0	0	0	0	0	0	-0.78613
475G	0	0	1	0	0	0	0	0	0	0	0	0	-0.33074
476S	0	0	1	0	0	0	0	0	0	0	0	0	-0.83456
476C	0	0	1	0	0	0	0	0	0	0	0	0	-2.76965
476R	1	0	1	0	0	0	0	0	0	0	0	0	-2.48176
476D	1	0	1	0	0	0	0	0	0	0	0	0	-1.40484
476V	0	0	1	0	0	0	0	0	0	0	0	0	-3.36026
476A	0	0	0	0	0	0	0	0	0	0	0	0	-1.18575
477Y	0	0	1	0	0	0	0	0	0	0	0	0	-1.03496
477H	0	0	1	0	0	0	0	0	0	0	0	0	-0.63546
477D	0	0	1	0	0	0	0	0	0	0	0	0	-0.52781
477I	0	0	1	0	0	0	0	0	0	0	0	0	-1.09166
477T	0	0	1	0	0	0	0	0	0	0	0	0	-0.58644
477S	0	0	1	0	0	0	0	0	0	0	0	0	-0.7348
477K	0	0	1	0	0	0	0	0	0	0	0	0	-0.90537
477K	0	0	1	0	0	0	0	0	0	0	0	0	-0.90537
478*													
478Q	0	0	0	0	0	0	0	0	0	0	0	0	-0.08061
478E	0	0	1	1	0	0	0	0	0	0	0	0	0.0006
478I	0	0	1	1	0	0	0	0	0	0	0	0	-0.19912
478T	0	0	1	1	0	0	0	0	0	0	0	0	-0.09928
478R	0	0	0	0	0	0	0	0	0	0	0	0	-0.19442
478N	0	0	1	1	0	0	0	0	0	0	0	0	-0.23214
478N	0	0	1	1	0	0	0	0	0	0	0	0	-0.23214
479T	1	0	1	0	0	0	0	0	0	0	0	0	-0.74054
479S	0	0	1	0	0	0	0	0	0	0	0	0	-0.54184
479A	0	0	0	0	0	0	0	0	0	0	0	0	-0.13067
479H	0	0	0	0	0	0	0	0	0	0	0	0	-0.32454
479L	0	0	0	0	0	0	0	0	0	0	0	0	-0.6071
479R	0	0	0	0	0	0	0	0	0	0	0	0	-0.45924
480S	1	1	1	1	1	1	1	1	1	0	1	1	-3.55288
480R	0	0	1	0	1	1	1	0	0	0	0	1	-2.94835
480G	0	0	1	0	0	0	0	0	0	0	0	0	-3.78841
480Y	0	1	1	0	0	1	0	0	0	0	0	1	-3.28816
480F	0	0	1	0	0	0	1	0	0	0	0	1	-3.6003
480S	1	1	1	1	1	1	1	1	1	0	1	1	-3.55288
480*													
480W	0	0	1	0	0	0	1	0	0	0	0	1	-3.46203
481Y	0	0	0	0	0	0	0	0	0	0	0	0	-0.57831
481H	0	0	0	0	0	0	0	0	0	0	0	0	-0.20616
481D	0	0	0	1	0	0	0	0	0	0	0	0	0.00843
481I	0	0	0	0	0	0	0	0	0	0	0	0	-1.1224
481T	0	0	0	1	0	0	0	0	0	0	0	0	-0.31399
481S	0	0	0	1	0	0	0	0	0	0	0	0	-0.14
481K	0	0	0	1	0	0	0	0	0	0	0	0	-0.09436
481K	0	0	0	1	0	0	0	0	0	0	0	0	-0.09436
482S	0	0	0	0	0	0	0	0	0	0	0	0	-0.3478
482C	1	0	0	1	0	0	0	0	0	0	0	0	-1.62992
482R	0	0	0	1	0	0	0	0	0	0	0	0	-0.52236
482D	0	0	0	0	0	0	0	0	0	0	0	0	-0.1203
482V	1	0	0	1	0	1	1	0	1	0	0	0	-1.72648
482A	0	0	0	0	0	0	0	0	0	0	0	0	-0.52737
483I	0	0	0	0	0	0	0	0	0	0	0	0	-0.18895
483F	0	0	0	1	0	0	0	0	0	0	0	0	-0.41639
483L	0	0	0	1	0	0	0	0	0	0	0	0	-0.15539
483D	0	0	0	1	0	0	0	0	0	0	0	0	-0.16356
483A	0	0	0	1	0	0	0	0	0	0	0	0	0.08619
483G	0	0	0	1	0	0	0	0	0	0	0	0	-0.14557
484T	0	0	0	1	0	0	0	0	0	0	0	0	0.12713
484S	0	0	0	0	0	0	0	0	0	0	0	0	0.19198
484P	0	0	0	1	0	0	1	0	0	0	0	0	-0.12533
484E	0	0	0	1	0	0	0	0	0	0	0	0	0.36339
484V	0	0	0	1	0	0	0	0	0	0	0	0	-0.83554
484G	0	0	0	0	0	0	0	0	0	0	0	0	-0.31979
485S	0	0	0	1	0	0	0	0	0	0	0	0	-0.97126
485C	1	1	1	1	1	1	1	1	1	1	1	1	-2.19195
485R	0	0	0	1	1	1	0	0	0	0	0	0	-1.4407
485D	0	0	1	1	0	0	0	0	0	0	0	0	-0.83881
485V	1	0	0	1	0	0	0	0	1	1	1	0	-2.64841
485A	0	0	0	1	0	0	0	0	0	0	0	0	-0.86965
486I	0	0	0	0	0	0	0	0	0	0	0	0	-0.50822
486F	0	0	1	0	0	0	0	0	0	0	0	0	0
486L	0	0	0	0	0	0	0	0	0	0	0	0	-0.85626
486D	0	0	1	1	0	0	0	0	0	0	0	0	-1.48799
486A	0	0	0	0	0	0	0	0	0	0	0	0	-0.17943
486G	0	0	1	1	0	0	0	0	0	0	0	0	-1.09211
487Y	1	0	1	0	0	0	0	0	0	0	0	0	-2.805
487H	1	0	1	0	0	0	0	0	0	0	0	0	-2.25883
487D	0	0	1	0	0	0	0	0	0	0	0	0	-1.28272
487I	1	0	1	0	0	0	0	0	0	0	0	0	-3.00751
487T	1	0	1	0	0	0	0	0	0	0	0	0	-2.7677
487S	1	0	1	0	0	0	0	0	0	0	0	0	-2.07291
487K	1	0	1	0	0	0	0	0	0	0	0	0	-2.30591
487K	1	0	1	0	0	0	0	0	0	0	0	0	-2.30591
488S	1	1	1	1	0	0	1	0	0	0	0	0	-2.98665
488R	0	0	0	0	0	0	0	0	0	0	0	0	-2.66238
488G	1	1	1	1	0	0	1	0	0	0	0	0	-3.01987
488Y	0	0	0	0	0	0	0	0	0	0	0	0	-2.99381
488F	0	0	0	0	0	0	0	0	0	0	0	0	-3.23883
488S	1	1	1	1	0	0	1	0	0	0	0	0	-2.98665
488*													
488W	0	0	1	0	0	0	1	0	0	0	0	0	-2.83051
489N	1	1	1	1	0	0	0	0	0	0	0	0	-2.86077
489H	1	0	1	1	0	0	0	0	0	0	0	0	-1.4778
489D	1	1	1	1	0	0	0	0	0	0	0	0	-3.50269
489F	0	0	1	0	0	0	0	0	0	0	0	0	-1.90506
489S	1	1	1	1	0	0	0	0	0	0	0	0	-3.77406
489C	1	1	1	1	0	0	0	0	0	0	0	0	-3.08269
489*													
489*													
490I	0	0	0	1	0	0	0	0	0	0	0	0	-0.2271
490L	0	0	0	1	0	0	0	0	0	0	0	0	-0.22881
490V	0	0	0	1	0	0	0	0	0	0	0	0	-0.00067
490Y	0	0	0	1	0	0	0	0	0	0	0	0	0.00959
490S	0	0	0	1	0	0	0	1	0	0	0	0	0.11382
490C	0	0	0	1	0	0	0	1	0	0	0	0	-0.79928
490L	0	0	0	1	0	0	0	0	0	0	0	0	-0.22881
490L	0	0	0	1	0	0	0	0	0	0	0	0	-0.22881
491T	0	0	0	0	0	0	0	0	0	0	0	0	-2.27274
491S	0	0	0	0	0	0	0	0	0	0	0	0	-1.88918
491A	0	0	0	0	0	0	0	0	0	0	0	0	-1.55761
491H	0	0	0	0	0	0	0	0	0	0	0	0	-3.11429
491L	0	0	0	0	0	0	0	0	0	0	0	0	-3.09292
491R	0	0	0	0	0	0	0	0	0	0	0	1	-3.00998
492I	0	0	0	0	0	0	0	0	0	0	0	0	0.09796
492V	0	0	0	0	0	0	0	0	0	0	0	0	-0.49132
492*													
492S	0	0	0	0	1	0	0	0	1	1	0	1	-3.33592
492*													
492F	0	0	0	0	0	0	0	0	0	0	0	0	-1.26869
492F	0	0	0	0	0	0	0	0	0	0	0	0	-1.26869
493K	0	1	0	1	0	0	0	0	0	0	0	0	0.72098
493*													
493E	1	1	0	1	0	0	0	0	0	0	0	0	-0.32373
493L	0	0	0	0	0	0	0	0	0	0	0	0	0.56986
493P	0	0	0	0	0	0	0	0	0	0	0	0	-1.91532
493R	0	1	0	1	0	0	0	0	0	0	0	0	0
493H	0	0	0	0	0	0	0	0	0	0	0	0	0.98973
493H	0	0	0	0	0	0	0	0	0	0	0	0	0.98973
494T	0	0	0	1	0	0	0	0	0	0	0	0	-0.65288
494P	0	0	0	1	0	0	0	0	0	0	0	0	-0.19986
494A	0	0	0	0	0	0	0	0	0	0	0	0	-0.29078
494*													
494L	0	0	0	0	0	0	1	0	0	0	0	0	-2.73296
494*													
495N	0	0	0	0	0	0	0	0	1	1	1	1	-3.47035
495H	0	0	0	0	0	1	1	0	0	0	0	1	-2.45867
495D	0	0	0	0	0	0	0	0	0	0	1	0	-3.31992
495F	0	1	1	0	1	1	1	1	1	0	0	1	-1.70321
495S	1	0	0	0	1	0	1	0	1	1	1	1	-3.82984
495C	1	1	1	0	1	1	1	0	1	1	1	1	-4.5278
495*													
495*													
496S	0	0	0	0	0	0	0	0	0	0	0	0	-0.35102
496C	0	0	0	0	0	0	0	0	0	0	0	0	-2.08174
496R	0	0	0	0	0	0	1	1	0	0	0	0	-1.64938
496D	0	0	0	0	0	0	0	0	0	0	0	0	-2.26579
496V	0	1	0	0	0	0	0	0	0	0	0	0	-1.98616
496A	0	0	0	0	0	0	0	0	0	0	0	0	-0.19957
497I	0	0	0	0	0	0	0	0	1	0	0	0	-4.14267
497L	0	0	1	0	0	0	1	0	1	0	0	1	-4.09269
497V	0	0	1	0	0	1	1	0	1	0	1	1	-4.20461
497Y	0	0	0	0	0	1	1	0	1	0	0	0	-1.9751
497S	0	0	1	0	0	1	1	0	1	1	0	1	-4.09052
497C	0	0	0	0	0	0	0	0	0	0	0	0	-4.65467
497L	0	0	1	0	0	0	1	0	1	0	0	1	-4.09269
497L	0	0	1	0	0	0	1	0	1	0	0	1	-4.09269
498*													
498G	0	0	0	0	1	1	1	0	0	0	0	1	-3.61103
498Q	0	0	0	0	1	0	1	0	0	0	0	1	-0.6928
498L	0	0	0	0	1	0	1	0	0	0	0	1	-2.55044
498P	0	0	0	0	0	0	0	0	0	0	0	0	-4.20923
499T	0	0	0	0	1	1	0	0	0	0	0	0	-1.43323
499S	0	0	0	0	1	0	0	0	0	0	0	0	-1.14267
499A	0	0	0	0	1	1	0	0	0	0	0	0	-1.54609
499H	0	0	0	0	1	1	1	0	0	0	0	0	-1.35521
499L	0	0	0	0	1	1	0	0	0	0	0	0	-2.54695
499R	0	0	0	0	1	1	0	0	0	0	0	0	-1.58382
500S	0	0	0	0	0	0	0	0	0	0	0	0	-0.83625
500P	0	0	0	0	0	0	1	0	0	0	0	0	-2.58435
500A	0	0	0	0	0	0	0	0	0	0	0	0	-0.83993
500N	0	0	0	0	0	0	0	0	0	0	0	0	-1.4013
500I	0	0	0	0	0	0	1	0	0	0	0	0	-3.15255
500S	0	0	0	0	0	0	0	0	0	0	0	0	-0.83625
501N	0	1	0	0	0	0	1	0	0	0	0	1	-3.00103
501H	0	1	0	0	0	0	0	0	0	0	0	1	-2.66071
501D	0	0	0	0	0	0	0	0	0	0	0	0	-3.48982
501F	0	0	0	0	0	0	0	0	0	0	0	0	-0.72837
501S	0	1	0	0	0	0	1	0	0	0	0	1	-2.7207
501C	0	1	0	0	0	0	0	0	0	0	0	0	-3.07105
501*													
501*													
502S	0	0	0	0	0	0	0	0	0	0	0	1	-2.68411
502C	0	0	0	0	0	0	0	0	0	0	0	0	-3.29562
502R	0	0	0	0	0	0	0	0	0	0	0	0	-2.6925
502D	0	0	0	0	0	0	0	0	0	0	0	0	-3.03428
502V	0	0	0	0	0	0	0	0	0	0	0	0	-3.50124
502A	0	0	0	0	0	0	0	0	0	0	0	0	-2.9611
503I	0	0	0	0	0	0	0	0	0	0	0	0	0.04928
503F	0	0	0	0	0	0	0	0	0	0	0	0	-0.35748
503L	0	0	0	0	0	0	0	0	0	0	0	0	0.06645
503D	0	0	0	0	0	0	0	0	0	0	0	0	-0.15086
503A	0	0	0	0	0	0	0	0	0	0	0	0	-0.19094
503G	0	0	0	0	0	0	0	0	0	0	0	0	-1.06036
504S	0	0	0	0	0	0	0	0	0	0	0	0	-0.57874
504C	0	0	0	0	0	0	0	0	0	0	0	1	-2.51832
504R	0	0	0	0	0	0	0	0	0	0	0	1	-1.00303
504D	0	0	0	0	0	0	0	0	0	0	0	1	-0.19304
504V	0	0	0	0	0	0	0	0	0	0	0	1	-1.90571
504A	0	0	0	0	0	0	0	0	0	0	0	0	-0.40054
505N	0	1	0	0	0	0	0	0	0	0	0	1	-0.91921
505Y	0	0	0	0	0	0	0	0	0	0	0	1	0.15925
505D	1	1	0	0	0	0	0	0	0	0	0	1	-0.68104
505L	1	1	0	0	0	0	0	0	0	0	0	1	-3.00474
505P	1	1	0	0	0	0	1	0	0	0	0	1	-3.93087
505R	1	1	0	0	0	0	1	0	0	0	0	1	-2.95446
505Q	0	1	0	0	0	0	0	0	0	0	0	1	-1.44321
505Q	0	1	0	0	0	0	0	0	0	0	0	1	-1.44321
506K	0	0	0	0	0	0	1	0	0	0	0	0	-2.90601
506*													
506E	1	1	0	0	1	1	1	1	1	0	0	1	-3.36735
506L	0	0	0	0	0	0	0	0	0	0	0	0	-2.78122
506P	0	0	0	0	0	0	1	0	1	0	0	1	-3.84892
506R	0	0	0	0	0	0	0	0	0	0	0	0	-2.68278
506H	0	0	0	0	0	0	0	0	0	0	0	0	-2.5449
506H	0	0	0	0	0	0	0	0	0	0	0	0	-2.5449
507T	0	0	0	0	0	0	0	0	0	0	0	1	-3.58495
507S	0	0	0	0	0	1	1	0	1	0	0	1	-2.14112
507A	0	0	0	1	1	1	1	1	0	0	0	0	-1.2608
507Q	0	1	1	0	0	0	1	0	1	0	1	1	-3.6669
507L	1	1	0	0	1	1	1	1	0	0	0	1	-3.50003
507R	0	0	0	0	0	0	1	0	0	0	0	0	-3.2962
508N	0	0	0	0	0	0	0	0	0	0	0	1	-2.04674
508H	0	0	0	0	0	0	0	0	0	0	0	0	0.22557
508D	0	0	0	0	0	0	0	0	0	0	0	0	-3.76298
508F	0	0	0	0	0	0	0	0	0	0	0	0	-0.00236
508S	0	0	0	0	0	0	0	0	0	0	0	1	-2.2716
508C	0	0	0	0	0	0	0	0	0	0	0	0	-0.34821
508*													
508*													
509*													
509G	0	0	0	0	0	0	0	0	0	0	0	0	-4.65951
509K	0	0	0	0	0	1	1	0	0	1	0	1	-2.8863
509I	0	0	1	0	0	1	1	0	1	0	0	1	-4.23827
509T	0	0	1	1	0	0	1	0	1	1	1	1	-4.05649
509S	0	0	0	0	0	0	0	0	0	0	0	0	-4.61382
509S	0	0	0	0	0	0	0	0	0	0	0	0	-4.61382
510I	0	0	0	0	0	0	0	0	0	0	0	0	-1.04795
510L	0	0	0	0	0	0	0	0	0	0	0	0	-2.25723
510L	0	0	0	0	0	0	0	0	0	0	0	0	-2.25723
510E	0	0	0	0	0	0	0	0	0	0	0	0	-5.10029
510A	0	0	0	0	0	0	0	0	0	0	0	0	-3.04387
510G	0	0	0	0	0	0	0	0	0	0	0	0	-4.11206
511I	0	0	0	0	0	0	0	0	0	0	0	0	-1.59938
511L	0	0	0	0	0	0	0	0	0	0	0	0	-2.06421
511L	0	0	0	0	0	0	0	0	0	0	0	0	-2.06421
511E	0	0	0	0	0	0	0	0	0	0	0	0	-4.19424
511A	0	0	0	0	0	0	0	0	0	0	0	0	-2.6815
511G	0	0	0	0	0	0	0	0	0	0	0	0	-4.07488
512I	0	0	0	0	0	0	0	0	0	0	0	0	-1.47452
512L	0	0	0	0	0	0	0	0	0	0	0	0	-3.97025
512L	0	0	0	0	0	0	0	0	0	0	0	0	-3.97025
512E	0	0	0	0	0	0	0	0	0	0	0	0	-4.76273
512A	0	0	0	0	0	0	0	0	0	0	0	0	-2.88589
512G	0	0	0	0	0	0	0	0	0	0	0	0	-4.15034
513I	0	0	0	0	0	0	0	0	0	0	0	0	-0.75488
513F	0	0	0	0	0	0	0	0	0	0	0	0	-1.71049
513V	0	0	0	0	0	0	0	0	0	0	0	0	-1.70303
513H	0	0	0	0	0	0	0	0	0	0	0	0	-4.48361
513P	0	0	0	0	0	0	0	0	0	0	0	0	-5.75721
513R	0	0	0	0	0	0	0	0	0	0	0	0	-4.58417
514T	0	0	0	0	0	0	0	0	0	0	0	0	0.21437
514P	0	0	0	0	0	0	0	0	0	0	0	0	-4.23996
514A	0	0	0	0	0	0	0	0	0	0	0	0	-1.10011
514Y	0	0	0	0	0	0	0	0	0	1	0	0	-0.75652
514F	0	0	0	0	0	0	0	0	0	1	0	0	-1.19573
514C	0	0	0	0	0	0	0	0	0	0	0	0	-0.66092
515I	0	0	0	0	0	0	0	0	0	0	0	0	-1.67858
515L	0	0	0	0	0	0	0	0	0	0	0	0	-1.47846
515V	0	0	0	0	0	0	0	0	0	0	0	0	-1.85622
515Y	0	0	0	0	0	0	0	0	0	0	0	0	-1.11896
515S	0	0	0	0	0	0	0	0	0	0	0	0	-3.33633
515C	0	0	0	0	0	0	0	0	0	0	0	0	-2.40299
515L	0	0	0	0	0	0	0	0	0	0	0	0	-1.47846
515L	0	0	0	0	0	0	0	0	0	0	0	0	-1.47846
516K	0	0	0	0	0	0	0	0	0	1	0	0	-0.90316
516*													
516Q	0	0	0	0	0	0	0	0	0	1	0	0	-0.39523
516V	0	0	0	0	0	0	0	0	0	1	0	0	-1.86286
516A	0	0	0	0	0	0	0	0	0	0	0	0	-1.65199
516G	0	0	0	0	0	0	0	0	0	1	0	0	-0.57273
516D	0	0	0	0	0	0	0	0	0	1	0	0	-0.14081
516D	0	0	0	0	0	0	0	0	0	1	0	0	-0.14081
517I	0	0	0	0	0	0	0	0	0	0	0	0	0.01016
517F	0	0	0	0	0	0	0	0	0	0	0	0	-0.57828
517V	0	0	0	0	0	0	0	0	0	0	0	0	-0.21496
517H	0	0	0	0	0	0	0	0	0	0	0	0	-0.35389
517P	0	0	0	0	0	0	0	0	0	1	0	0	-0.64896
517R	0	0	0	0	0	0	0	0	0	1	0	0	-0.10513
518I	0	0	0	0	0	0	0	0	0	0	0	0	-0.19538
518V	0	0	0	0	0	0	0	0	0	0	0	0	-0.06112
518Q	0	0	0	0	0	0	0	0	0	0	0	0	0.19905
518P	0	0	0	0	0	0	0	0	0	1	0	0	-0.31526
518R	0	0	0	0	0	0	0	0	0	1	0	0	0.00769
519N	0	0	0	0	0	0	0	0	0	0	0	0	0.24218
519Y	0	0	0	0	0	0	0	0	0	0	0	0	-0.46408
519D	0	0	0	0	0	0	0	0	0	1	0	0	0.26989
519L	0	0	0	0	0	0	0	0	0	0	0	0	-0.84072
519P	0	0	0	0	0	0	0	0	0	1	0	0	0.06534
519R	0	0	0	0	0	0	0	0	0	0	0	0	-0.12181
519Q	0	0	0	0	0	0	0	0	0	0	0	0	-0.03133
519Q	0	0	0	0	0	0	0	0	0	0	0	0	-0.03133
520T	0	0	0	0	0	0	0	0	0	0	0	0	-0.05316
520S	0	0	0	0	0	0	0	0	0	0	0	0	-0.01161
520P	0	0	0	0	0	0	0	0	0	1	0	0	-0.18808
520E	0	0	0	0	0	0	0	0	0	0	0	0	0.04203
520V	0	0	0	0	0	0	0	0	0	0	0	0	-0.42758
520G	0	0	0	0	0	0	0	0	0	0	0	0	0.27515
521T	0	0	0	0	0	0	0	0	0	0	0	0	-0.18529
521S	0	0	0	0	0	0	0	0	0	0	0	0	-0.17021
521A	0	0	0	0	0	0	0	0	0	0	0	0	-0.30023
521Q	0	0	0	0	0	0	0	0	0	0	0	0	-0.15951
521L	0	0	0	0	0	0	0	0	0	0	0	0	-1.82321
521R	0	0	0	0	0	0	0	0	0	0	0	0	-0.02828
522T	0	0	0	0	0	0	0	0	0	0	0	0	-0.09895
522S	0	0	0	0	0	0	0	0	0	0	0	0	-0.18067
522P	0	0	0	0	0	0	0	0	0	0	0	0	-0.10405
522E	0	0	0	0	0	0	0	0	0	0	0	0	-0.23846
522V	0	0	0	0	0	0	0	0	0	0	0	0	-0.06924
522G	0	0	0	0	0	0	0	0	0	0	0	0	-0.04788
523S	0	0	0	0	0	0	0	0	0	0	0	0	-0.18508
523P	0	0	0	0	0	0	0	0	0	1	0	0	-0.43666
523A	0	0	0	0	0	0	0	0	0	0	0	0	-0.38534
523N	0	0	0	0	0	0	0	0	0	0	0	0	-0.08655
523I	0	0	0	0	0	0	0	0	0	0	0	0	-0.89876
523S	0	0	0	0	0	0	0	0	0	0	0	0	-0.18508
524I	0	0	0	0	0	0	0	0	0	0	0	0	-0.57217
524F	0	0	0	0	0	0	0	0	0	0	0	0	-0.63211
524L	0	0	0	0	0	0	0	0	0	0	0	0	-0.50621
524D	0	0	0	0	0	0	0	0	0	1	0	0	-0.28846
524A	0	0	0	0	0	0	0	0	0	1	0	0	-0.50722
524G	0	0	0	0	0	0	0	0	0	1	0	0	-0.23091
525S	0	0	0	0	0	0	0	0	0	1	0	0	-0.31793
525R	0	0	0	0	0	0	0	0	0	1	0	0	-0.82219
525G	0	0	0	0	0	0	0	0	0	1	1	0	-0.35844
525Y	0	0	0	0	0	0	0	0	0	1	0	0	-0.60742
525F	0	0	0	0	0	0	0	0	0	1	0	0	-0.77615
525S	0	0	0	0	0	0	0	0	0	1	0	0	-0.31793
525*													
525W	0	0	0	0	0	0	0	0	0	1	0	0	-0.85571
526R	0	0	0	0	0	0	0	0	0	0	0	0	-0.51537
526*													
526R	0	0	0	0	0	0	0	0	0	0	0	0	-0.51537
526E	0	0	0	0	0	0	0	0	0	0	0	0	-0.32178
526V	0	0	0	0	0	0	0	0	0	0	0	0	-0.5116
526A	0	0	0	0	0	0	0	0	0	0	0	0	-0.54745
527T	0	0	0	0	0	0	0	0	0	0	0	0	0.0906
527S	0	0	0	0	0	0	0	0	0	0	0	0	0.18085
527A	0	0	0	0	0	0	0	0	0	0	0	0	0.22498
527H	0	0	0	0	0	0	0	0	0	0	0	0	0.06354
527L	0	0	0	0	0	0	0	0	0	0	0	0	0.38872
527R	0	0	0	0	0	0	0	0	0	0	0	0	0.18625
528*													
528Q	0	0	0	0	0	0	0	0	0	0	0	0	-0.07589
528E	0	0	0	0	0	0	0	0	0	0	0	0	-0.08669
528I	0	0	0	0	0	0	0	0	0	0	0	0	-0.14803
528T	0	0	0	0	0	0	0	0	0	0	0	0	-0.00686
528R	0	0	0	0	0	0	0	0	0	0	0	0	-0.07998
528N	0	0	0	0	0	0	0	0	0	0	0	0	0.19789
528N	0	0	0	0	0	0	0	0	0	0	0	0	0.19789
529*													
529Q	0	0	0	0	0	0	0	0	0	0	0	0	0.04657
529E	0	0	0	0	0	0	0	0	0	0	0	0	-0.13244
529M	0	0	0	0	0	0	0	0	0	0	0	0	-0.03411
529T	0	0	0	0	0	0	0	0	0	0	0	0	-0.06473
529R	0	0	0	0	0	0	0	0	0	0	0	0	0.00738
529N	0	0	0	0	0	0	0	0	0	0	0	0	-0.12512
529N	0	0	0	0	0	0	0	0	0	0	0	0	-0.12512
530T	0	0	0	0	0	0	0	0	0	0	0	0	0.00104
530P	0	0	0	0	0	0	0	0	0	0	0	0	0.00925
530A	0	0	0	0	0	0	0	0	0	0	0	0	0.04754
530Y	0	0	0	0	0	0	0	0	0	0	0	0	0.00105
530F	0	0	0	0	0	0	0	0	0	0	0	0	-0.12799
530C	0	0	0	0	0	0	0	0	0	0	0	0	-0.20511
531S	0	0	0	0	0	0	0	0	0	0	0	0	0.05964
531P	0	0	0	0	0	0	0	0	0	0	0	0	-0.00601
531A	0	0	0	0	0	0	0	0	0	0	0	0	-0.051
531N	0	0	0	0	0	0	0	0	0	0	0	0	0.02916
531I	0	0	0	0	0	0	0	0	0	0	0	0	0.00897
531S	0	0	0	0	0	0	0	0	0	0	0	0	0.05964
