RBD	A1	A2	B	C/D1	D2	D3	D4	E1/E2.1	E2.2	E3	F1	F3	ACE2
444N	0	0	0	0	1	1	0	1	0	0	0	0	-0.23164
444R	0	0	0	0	1	0	0	1	0	0	0	0	-0.13913
446S	0	0	0	0	1	0	0	1	0	0	0	0	-0.25369
445A	0	0	0	0	1	1	1	0	0	0	0	0	-0.14417
477N	0	0	0	0	0	0	0	0	0	0	0	0	0
346I	0	0	0	0	0	0	0	1	0	0	0	0	-0.51001
484V	0	0	0	1	0	0	0	0	0	0	0	0	-0.83554
446D	0	0	0	0	1	0	1	1	0	0	0	0	-0.15571
494P	0	0	0	1	0	0	0	0	0	0	0	0	-0.19986
445F	0	0	0	0	1	1	0	0	0	0	0	0	-0.6275
463S	0	0	0	0	0	0	0	0	0	0	0	0	-1.49942
450D	0	0	0	0	0	0	0	1	0	0	0	0	0.00778
452Q	0	0	0	0	0	0	0	0	0	0	0	0	0.11977
346T	0	0	0	0	0	0	0	1	0	0	0	0	0.2406
430I	0	0	0	0	0	0	0	0	0	0	0	0	0.09987
395E	0	0	1	0	0	0	0	0	0	0	0	1	-3.532
446V	0	0	0	0	0	0	0	0	0	0	0	0	-1.10433
484S	0	0	0	0	0	0	0	0	0	0	0	0	0.19198
483F	0	0	0	1	0	0	0	0	0	0	0	0	-0.41639
505H	0	0	0	0	0	0	0	0	0	0	0	0	0
484A	0	0	0	0	0	0	0	0	0	0	0	0	0
521S	0	0	0	0	0	0	0	0	0	0	0	0	-0.17021
346S	0	0	0	0	0	0	0	1	0	0	0	0	-0.07136
479L	0	0	0	0	0	0	0	0	0	0	0	0	-0.6071
384S	0	0	0	0	0	0	0	0	0	0	1	0	-0.47519
483A	0	0	0	1	0	0	0	0	0	0	0	0	0.08619
470I	0	0	0	0	0	0	0	0	0	0	0	0	-1.18414
361T	0	0	0	1	1	1	0	1	1	1	1	0	-1.62534
444T	0	0	0	0	1	1	0	1	0	0	0	0	-0.29371
482S	0	0	0	0	0	0	0	0	0	0	0	0	-0.3478
517F	0	0	0	0	0	0	0	0	0	0	0	0	-0.57828
356T	0	0	0	0	0	0	0	1	1	0	0	0	0.12598
435S	0	0	0	0	0	0	0	0	0	0	0	0	-0.22508
339Y	0	0	0	0	0	0	0	0	0	0	0	0	-0.16177
445I	0	0	0	0	0	0	0	0	0	0	0	0	0.02517
344T	0	0	0	0	0	0	0	0	0	0	0	0	-1.54177
461I	0	0	0	0	0	0	0	0	0	0	0	0	-0.07791
520S	0	0	0	0	0	0	0	0	0	0	0	0	-0.01161
500S	0	0	0	0	0	0	0	0	0	0	0	0	-0.83625
444M	0	0	0	0	1	1	0	1	0	0	0	0	-0.34249
433I	0	0	0	0	0	0	0	0	0	0	0	0	-1.27102
362I	0	0	0	0	0	0	0	0	0	0	0	0	-0.13693
460T	1	0	0	0	0	0	0	0	0	0	0	0	-0.02169
490S	0	0	0	1	0	0	0	1	0	0	0	0	0.11382
444Q	0	0	0	0	1	1	0	1	0	0	0	0	0.00157
340V	0	0	0	0	0	0	0	0	0	0	0	0	-1.28965
520E	0	0	0	0	0	0	0	0	0	0	0	0	0.04203
478E	0	0	1	1	0	0	0	0	0	0	0	0	0.0006
356R	0	0	0	0	0	0	0	0	0	0	0	0	0.03808
375F	0	0	0	0	0	0	0	0	0	0	0	0	0
428G	0	0	0	0	0	0	0	0	0	0	0	0	-1.30232
357K	0	0	0	0	0	0	0	0	0	0	0	0	0.24373
376V	0	0	0	0	0	0	0	0	0	0	0	0	0.2787
332V	0	0	0	0	0	0	0	0	0	0	0	0	-0.02973
460H	1	0	0	0	0	0	0	0	0	0	0	0	0.03714
478I	0	0	1	1	0	0	0	0	0	0	0	0	-0.19912
481K	0	0	0	1	0	0	0	0	0	0	0	0	-0.09436
484T	0	0	0	1	0	0	0	0	0	0	0	0	0.12713
489H	1	0	1	1	0	0	0	0	0	0	0	0	-1.4778
486V	0	0	0	0	0	0	0	0	0	0	0	0	-0.44942
478N	0	0	1	1	0	0	0	0	0	0	0	0	-0.23214
333S	0	0	0	0	0	0	0	0	0	0	0	0	-0.14129
460K	1	0	0	0	0	0	0	0	0	0	0	0	0.50144
522P	0	0	0	0	0	0	0	0	0	0	0	0	-0.10405
522E	0	0	0	0	0	0	0	0	0	0	0	0	-0.23846
417T	0	1	0	0	0	0	0	0	0	0	0	0	0.23913
359N	0	0	0	0	0	0	0	0	0	0	0	0	-0.32442
481D	0	0	0	1	0	0	0	0	0	0	0	0	0.00843
389N	0	0	0	0	0	0	0	0	0	0	0	0	-0.2755
475S	0	0	0	0	0	0	0	0	0	0	0	0	-0.49525
440R	0	0	0	0	0	1	0	0	0	0	0	0	-0.28557
468T	0	0	0	0	0	0	0	0	0	0	0	0	0.07922
470N	0	0	0	0	0	0	0	0	0	0	0	0	-0.1325
389G	0	0	0	0	0	0	0	0	0	0	0	0	-0.68249
493K	0	1	0	1	0	0	0	0	0	0	0	0	0.72098
434V	0	0	0	0	0	0	0	0	0	0	0	0	-0.83851
460S	1	0	0	0	0	0	0	0	0	0	0	0	-0.04225
371F	0	0	0	0	0	0	0	0	0	0	0	0	0
363S	0	0	0	0	0	0	0	0	0	0	0	0	-1.09496
494T	0	0	0	1	0	0	0	0	0	0	0	0	-0.65288
453F	0	0	0	0	0	0	0	0	0	0	0	0	0.86818
481S	0	0	0	1	0	0	0	0	0	0	0	0	-0.14
339N	0	0	0	0	0	0	0	0	0	0	0	0	0.03168
477D	0	0	1	0	0	0	0	0	0	0	0	0	-0.52781
348S	0	0	0	0	0	0	0	0	0	0	0	0	-0.32987
377L	0	0	0	0	0	0	0	0	0	0	0	0	-1.25683
513F	0	0	0	0	0	0	0	0	0	0	0	0	-1.71049
476S	0	0	1	0	0	0	0	0	0	0	0	0	-0.83456
495H	0	0	0	0	0	1	1	0	0	0	0	1	-2.45867
375L	0	0	0	0	0	0	0	0	0	0	0	0	-0.28579
494L	0	0	0	0	0	0	1	0	0	0	0	0	-2.73296
385A	0	0	0	0	0	0	0	0	0	0	1	0	0.04913
333K	0	0	0	0	0	0	0	0	0	0	0	0	-0.63786
344S	0	0	0	0	0	0	0	0	0	0	0	0	-0.9298
420N	1	1	0	0	0	0	0	0	0	0	0	0	-0.21531
346K	0	0	0	0	0	0	0	1	0	0	0	0	0.14804
444E	0	0	0	0	1	1	0	1	0	0	0	0	-0.20025
382L	0	0	0	0	0	0	0	0	0	0	0	0	-0.68223
340Q	0	0	0	0	0	0	0	0	0	0	0	0	-0.37844
522V	0	0	0	0	0	0	0	0	0	0	0	0	-0.06924
478R	0	0	0	0	0	0	0	0	0	0	0	0	-0.19442
514F	0	0	0	0	0	0	0	0	0	1	0	0	-1.19573
482D	0	0	0	0	0	0	0	0	0	0	0	0	-0.1203
460Y	0	0	0	0	0	0	0	0	0	0	0	0	-0.60823
486A	0	0	0	0	0	0	0	0	0	0	0	0	-0.17943
487D	0	0	1	0	0	0	0	0	0	0	0	0	-1.28272
445R	0	0	0	0	1	1	1	0	0	0	0	0	-0.29059
490L	0	0	0	1	0	0	0	0	0	0	0	0	-0.22881
335S	0	0	0	0	0	0	0	0	0	0	0	0	-0.33049
352S	0	0	0	0	0	0	0	0	0	0	0	0	-0.33581
490V	0	0	0	1	0	0	0	0	0	0	0	0	-0.00067
455F	1	1	0	0	0	0	0	0	0	0	0	0	-0.70275
345I	0	0	0	0	0	0	0	0	0	0	0	0	-1.88212
456L	1	1	0	0	0	0	0	0	0	0	0	0	-1.2342
373P	0	0	0	0	0	0	0	0	0	0	0	0	0
521Q	0	0	0	0	0	0	0	0	0	0	0	0	-0.15951
452R	0	0	0	0	0	0	0	0	0	0	0	0	0.09586
448S	0	0	0	0	1	0	0	1	0	0	0	0	-0.9481
406Q	0	1	0	0	0	0	0	0	0	0	0	0	-0.32303
441G	0	0	0	0	0	1	0	0	0	0	0	0	-1.35988
395F	0	0	0	0	0	0	0	0	0	0	0	0	-1.17225
337S	0	0	0	0	0	0	0	0	0	0	0	0	-0.37767
393A	0	0	0	0	0	0	0	0	0	0	0	0	-0.15761
334K	0	0	0	0	0	0	0	0	0	0	0	0	0.00363
500A	0	0	0	0	0	0	0	0	0	0	0	0	-0.83993
499H	0	0	0	0	1	1	1	0	0	0	0	0	-1.35521
370S	0	0	0	0	0	0	0	0	0	0	0	0	-0.20308
458N	0	0	0	0	0	0	0	0	0	0	0	0	-0.26896
460I	1	0	0	0	0	0	0	0	0	0	0	0	-0.00289
519Y	0	0	0	0	0	0	0	0	0	0	0	0	-0.46408
475V	0	0	0	0	0	0	0	0	0	0	0	0	-0.78613
475T	1	0	1	0	0	0	0	0	0	0	0	0	-1.06628
347L	0	0	0	0	0	0	1	0	1	0	1	1	-2.54932
484P	0	0	0	1	0	0	1	0	0	0	0	0	-0.12533
517I	0	0	0	0	0	0	0	0	0	0	0	0	0.01016
518V	0	0	0	0	0	0	0	0	0	0	0	0	-0.06112
511L	0	0	0	0	0	0	0	0	0	0	0	0	-2.06421
516K	0	0	0	0	0	0	0	0	0	1	0	0	-0.90316
417N	0	0	0	0	0	0	0	0	0	0	0	0	0
354S	0	0	0	0	0	0	0	0	0	0	0	0	-0.09886
479S	0	0	1	0	0	0	0	0	0	0	0	0	-0.54184
474H	0	0	0	0	0	0	0	0	0	0	0	0	-1.29232
521R	0	0	0	0	0	0	0	0	0	0	0	0	-0.02828
493H	0	0	0	0	0	0	0	0	0	0	0	0	0.98973
522S	0	0	0	0	0	0	0	0	0	0	0	0	-0.18067
442E	0	1	0	0	0	1	1	0	1	0	0	1	-2.88287
482R	0	0	0	1	0	0	0	0	0	0	0	0	-0.52236
335F	0	0	0	0	0	0	0	0	0	0	0	0	-0.4092
501Y	0	0	0	0	0	0	0	0	0	0	0	0	0
428A	0	0	0	0	0	0	0	0	0	1	0	0	-0.99521
339D	0	0	0	0	0	0	0	0	0	0	0	0	0
490I	0	0	0	1	0	0	0	0	0	0	0	0	-0.2271
510L	0	0	0	0	0	0	0	0	0	0	0	0	-2.25723
394D	0	0	0	0	0	0	0	0	0	1	0	0	-0.67406
465D	0	0	0	0	0	0	0	0	0	0	0	0	-1.09837
479R	0	0	0	0	0	0	0	0	0	0	0	0	-0.45924
470A	0	0	0	0	0	0	0	0	0	0	0	0	-0.23299
357I	0	0	0	0	0	0	0	0	1	0	0	0	-0.01631
420A	1	1	0	0	0	0	0	0	0	0	0	0	-1.08945
333I	0	0	0	0	0	0	0	0	0	0	0	0	-1.46876
471Q	0	0	0	0	0	0	0	0	0	0	0	0	-0.32661
340D	0	0	0	0	0	0	0	0	0	0	0	0	-0.65766
368I	0	0	0	0	0	0	0	0	0	0	0	0	0.27938
448K	0	0	0	0	0	0	0	0	0	0	0	0	-2.04057
441F	0	0	0	0	0	0	0	0	0	0	0	0	-0.44119
523S	0	0	0	0	0	0	0	0	0	0	0	0	-0.18508
381R	0	0	0	0	0	0	0	0	0	0	1	0	-0.50239
393N	0	0	0	0	0	0	0	0	0	0	0	0	-0.26313
352D	0	0	0	0	0	0	0	1	1	0	0	0	-0.44258
354D	0	0	0	0	0	0	0	1	1	0	0	0	-0.16829
477K	0	0	1	0	0	0	0	0	0	0	0	0	-0.90537
519Q	0	0	0	0	0	0	0	0	0	0	0	0	-0.03133
376A	0	0	0	0	0	0	0	0	0	0	0	0	0
427Y	0	0	0	0	0	0	0	0	0	0	0	0	-1.29544
501F	0	0	0	0	0	0	0	0	0	0	0	0	-0.72837
339E	0	0	0	0	0	0	0	0	0	0	0	0	0.08346
363T	0	0	0	0	0	0	0	0	0	0	0	0	-1.28616
485S	0	0	0	1	0	0	0	0	0	0	0	0	-0.97126
369H	0	0	0	0	0	0	0	0	0	0	0	0	0.00685
341I	0	0	0	0	0	0	0	0	0	0	0	0	0.15181
462R	0	0	0	0	0	0	0	0	0	0	0	0	-0.22273
415A	0	0	0	0	0	0	0	0	0	0	0	0	-0.79527
340K	0	0	0	0	0	0	0	0	0	0	0	0	-0.46127
492K	0	0	0	0	0	0	0	0	0	0	0	0	-3.08726
395I	0	0	0	0	0	0	0	0	0	0	0	0	0.1163
411S	0	0	0	0	0	0	0	0	0	0	0	0	-1.50772
474E	0	0	0	0	0	0	0	0	0	0	0	0	-0.21783
452W	0	0	0	0	0	0	0	0	0	0	0	0	-0.35514
397T	0	0	0	0	0	0	0	0	0	0	0	0	-1.95582
519R	0	0	0	0	0	0	0	0	0	0	0	0	-0.12181
483I	0	0	0	0	0	0	0	0	0	0	0	0	-0.18895
356Q	0	0	0	0	0	0	0	0	1	0	0	0	-0.64771
496S	0	0	0	0	0	0	0	0	0	0	0	0	-0.35102
354K	0	0	0	0	0	0	0	1	0	0	0	0	0.15334
503D	0	0	0	0	0	0	0	0	0	0	0	0	-0.15086
446A	0	0	0	0	1	0	0	1	0	0	0	0	-0.31882
418V	0	0	0	0	0	0	0	0	0	0	0	0	-0.7367
426S	0	0	0	0	0	0	0	0	0	0	0	0	-1.68526
397V	0	0	0	0	0	0	0	0	0	0	0	0	-0.50553
447D	0	0	0	1	1	1	1	1	0	0	0	0	-2.35861
462Q	0	0	0	0	0	0	0	0	0	0	0	0	-0.25888
336S	0	0	0	0	1	1	0	1	1	1	1	0	-1.6852
331T	0	0	0	0	0	0	0	0	0	0	0	0	-0.62408
389E	0	0	0	0	0	0	0	0	0	0	0	0	0.25588
415N	0	0	0	0	0	0	0	0	0	0	0	0	-0.63571
351F	0	0	0	0	0	0	0	0	0	0	0	0	-0.44786
459F	0	0	0	0	0	0	0	0	0	0	0	0	-1.09615
515L	0	0	0	0	0	0	0	0	0	0	0	0	-1.47846
439K	0	0	0	0	1	1	0	0	0	0	0	0	-0.95112
340A	0	0	0	0	0	0	0	0	0	0	0	0	-0.64586
521L	0	0	0	0	0	0	0	0	0	0	0	0	-1.82321
337L	0	0	0	0	0	0	0	0	0	0	0	0	-1.40736
460A	0	0	0	0	0	0	0	0	0	0	0	0	0.08498
346G	0	0	0	0	0	0	0	1	0	0	0	0	-1.31729
503F	0	0	0	0	0	0	0	0	0	0	0	0	-0.35748
356N	0	0	0	0	0	0	0	0	1	0	0	0	-1.64689
385I	0	0	0	0	0	0	0	0	0	0	0	0	-0.86829
478K	0	0	0	0	0	0	0	0	0	0	0	0	0
498R	0	0	0	0	0	0	0	0	0	0	0	0	0
421H	1	0	0	0	0	0	0	0	0	0	0	0	-1.12333
471V	0	0	0	0	0	0	0	0	0	0	0	0	-0.83896
508H	0	0	0	0	0	0	0	0	0	0	0	0	0.22557
347C	0	0	0	0	0	0	0	0	0	0	0	0	-2.69954
445L	0	0	0	0	1	1	0	0	0	0	0	0	-0.11069
428Y	0	0	0	0	0	0	0	0	0	1	0	0	-1.49326
425I	0	0	0	0	0	0	0	0	0	0	0	0	-0.23227
456V	1	1	0	0	0	0	0	0	0	0	0	0	-0.77108
435T	0	0	0	0	0	0	0	0	0	0	0	0	-0.94072
403K	0	1	0	0	0	0	0	0	0	0	0	0	0.60091
485A	0	0	0	1	0	0	0	0	0	0	0	0	-0.86965
465G	0	0	0	0	0	0	0	0	0	0	0	0	-1.1455
360D	0	0	0	0	0	0	0	0	0	0	0	0	-0.37708
446F	0	0	0	0	0	0	0	0	0	0	0	0	-1.28667
360T	0	0	0	0	0	0	0	0	0	0	1	0	-1.85902
490Y	0	0	0	1	0	0	0	0	0	0	0	0	0.00959
441R	0	0	0	0	0	0	0	0	0	0	0	0	-0.38583
362F	0	0	0	0	0	0	0	0	0	0	0	0	-0.95036
357G	0	0	0	0	0	0	0	0	1	0	0	0	-1.78356
501D	0	0	0	0	0	0	0	0	0	0	0	0	-3.48982
403G	0	1	0	0	0	0	0	0	0	0	0	1	-0.46216
472L	0	0	0	0	0	0	0	0	0	0	0	0	-0.35286
523N	0	0	0	0	0	0	0	0	0	0	0	0	-0.08655
405N	0	0	0	0	0	0	0	0	0	0	0	0	0
449F	0	0	0	0	0	0	0	0	0	0	0	0	-0.94181
450Y	0	0	0	0	0	0	0	1	0	0	0	0	-0.91095
485D	0	0	1	1	0	0	0	0	0	0	0	0	-0.83881
374L	0	0	0	0	0	0	0	0	0	0	0	0	-0.40048
331I	0	0	0	0	0	0	0	0	0	0	0	0	-1.62202
529R	0	0	0	0	0	0	0	0	0	0	0	0	0.00738
529M	0	0	0	0	0	0	0	0	0	0	0	0	-0.03411
499S	0	0	0	0	1	0	0	0	0	0	0	0	-1.14267
491S	0	0	0	0	0	0	0	0	0	0	0	0	-1.88918
519N	0	0	0	0	0	0	0	0	0	0	0	0	0.24218
517P	0	0	0	0	0	0	0	0	0	1	0	0	-0.64896
384A	0	0	0	0	0	0	0	0	0	0	0	0	0.10796
389H	0	0	0	0	0	0	0	0	0	0	0	0	-0.42527
493L	0	0	0	0	0	0	0	0	0	0	0	0	0.56986
518P	0	0	0	0	0	0	0	0	0	1	0	0	-0.31526
500N	0	0	0	0	0	0	0	0	0	0	0	0	-1.4013
481T	0	0	0	1	0	0	0	0	0	0	0	0	-0.31399
376S	0	0	0	0	0	0	0	0	0	0	0	0	0.15809
450I	0	0	0	0	0	0	0	1	0	0	0	0	-1.26485
510I	0	0	0	0	0	0	0	0	0	0	0	0	-1.04795
360Y	0	0	0	0	0	0	0	0	0	0	0	0	-1.65492
523P	0	0	0	0	0	0	0	0	0	1	0	0	-0.43666
484R	0	0	0	1	0	0	1	0	0	0	0	0	-0.15873
452*													
463G	0	0	0	0	0	0	0	0	0	0	0	0	-1.21447
332R	0	0	0	0	0	0	0	0	0	0	0	0	0.01332
427H	0	0	0	0	0	0	0	0	0	0	0	0	-0.44679
451H	0	0	0	0	0	0	0	0	0	0	0	0	-0.3882
382M	0	0	0	0	0	0	0	0	0	0	0	0	-1.30308
463T	0	0	1	0	0	0	0	0	1	0	0	1	-2.17328
445G	0	0	0	0	1	0	0	0	0	0	0	0	-0.50528
348P	0	0	0	0	0	0	0	0	0	0	0	0	0.39851
446R	0	0	0	0	1	0	0	1	0	0	0	0	-0.91822
417S	0	0	0	0	0	0	0	0	0	0	0	0	-0.18845
519L	0	0	0	0	0	0	0	0	0	0	0	0	-0.84072
395D	0	0	0	0	0	0	0	0	0	0	0	0	-4.3584
479H	0	0	0	0	0	0	0	0	0	0	0	0	-0.32454
478Q	0	0	0	0	0	0	0	0	0	0	0	0	-0.08061
486E	0	0	1	1	0	0	0	0	0	0	0	0	-1.46437
496A	0	0	0	0	0	0	0	0	0	0	0	0	-0.19957
441I	0	0	0	0	0	0	0	0	0	0	0	0	-0.07086
441V	0	0	0	0	0	0	0	0	0	0	0	0	0.00994
518Q	0	0	0	0	0	0	0	0	0	0	0	0	0.19905
338L	0	0	0	0	0	0	0	0	0	0	0	0	-0.29139
486I	0	0	0	0	0	0	0	0	0	0	0	0	-0.50822
358V	0	0	0	0	0	0	0	0	0	0	0	0	-1.5789
428E	0	0	0	0	0	0	0	0	0	0	0	0	-0.82375
506K	0	0	0	0	0	0	1	0	0	0	0	0	-2.90601
344V	0	0	0	0	0	0	0	0	1	0	0	0	-1.62517
384L	0	0	0	0	0	0	0	0	0	0	1	0	0.11207
428H	0	0	0	0	0	0	0	0	0	1	0	0	-0.54737
357T	0	0	0	0	0	0	0	0	1	0	0	0	-0.13795
514A	0	0	0	0	0	0	0	0	0	0	0	0	-1.10011
448D	0	0	0	0	1	0	0	1	0	0	0	0	-0.74302
519D	0	0	0	0	0	0	0	0	0	1	0	0	0.26989
390F	0	0	0	0	0	0	0	0	0	0	0	0	-0.88476
390V	0	0	0	0	0	0	0	0	0	0	0	0	-0.53414
455S	1	1	0	0	0	0	0	0	0	0	0	0	0.19919
460D	0	0	0	0	0	0	0	0	0	0	0	0	-0.61618
331K	0	0	0	0	0	0	0	0	0	0	0	0	-0.63511
394H	0	0	0	0	0	0	0	0	0	0	0	0	-0.06413
451L	0	0	0	0	0	0	0	0	0	0	0	0	-0.10772
487K	1	0	1	0	0	0	0	0	0	0	0	0	-2.30591
454T	0	0	0	0	0	0	0	0	0	0	0	1	-4.2943
427N	0	0	0	0	0	0	0	0	0	0	0	0	-0.28916
473F	0	0	0	0	0	0	0	0	0	0	0	0	-0.03626
448T	0	0	0	0	1	0	0	1	0	0	0	0	-1.28181
471D	0	0	0	0	0	0	0	0	0	0	0	0	0.09081
465A	0	0	0	0	0	0	0	0	0	0	0	0	-1.35541
481Y	0	0	0	0	0	0	0	0	0	0	0	0	-0.57831
378R	0	0	0	0	0	0	0	0	0	0	0	0	0.11578
427E	0	0	0	0	0	0	0	0	0	0	0	0	-0.35852
449C	0	0	0	1	0	0	1	1	0	0	0	0	-1.71504
454G	0	0	1	0	1	0	0	1	1	1	1	1	-4.3541
477I	0	0	1	0	0	0	0	0	0	0	0	0	-1.09166
516Q	0	0	0	0	0	0	0	0	0	1	0	0	-0.39523
453H	0	1	0	0	0	0	0	0	0	0	0	0	-0.20109
513I	0	0	0	0	0	0	0	0	0	0	0	0	-0.75488
378N	0	0	0	0	0	0	0	0	0	0	1	0	-0.16756
499R	0	0	0	0	1	1	0	0	0	0	0	0	-1.58382
331S	0	0	0	0	0	0	0	0	0	0	0	0	-0.76595
380F	0	0	0	0	0	0	0	0	0	0	0	0	-0.94483
487T	1	0	1	0	0	0	0	0	0	0	0	0	-2.7677
529N	0	0	0	0	0	0	0	0	0	0	0	0	-0.12512
494A	0	0	0	0	0	0	0	0	0	0	0	0	-0.29078
333A	0	0	0	0	0	0	0	0	0	0	0	0	-0.96329
505N	0	1	0	0	0	0	0	0	0	0	0	1	-0.91921
352N	0	0	0	0	0	0	0	0	0	0	0	0	-0.07234
384V	0	0	0	0	0	0	0	0	0	0	0	0	-0.03415
340G	0	0	0	0	0	0	0	0	0	0	0	0	-1.53098
528R	0	0	0	0	0	0	0	0	0	0	0	0	-0.07998
430P	0	0	0	0	0	0	0	0	0	0	0	0	-4.29761
339H	0	0	0	0	0	0	0	0	0	0	0	0	-0.08983
476D	1	0	1	0	0	0	0	0	0	0	0	0	-1.40484
404V	0	0	0	0	0	0	0	0	0	0	0	0	-3.97092
430A	0	0	0	0	0	0	0	0	0	0	0	0	-1.55655
352V	0	0	0	0	0	0	0	0	0	0	0	0	-2.04041
405Y	0	0	0	0	0	0	0	0	0	0	0	1	-0.49024
356M	0	0	0	0	0	0	0	0	1	0	0	0	-0.60349
334D	0	0	0	0	0	0	0	0	0	0	0	0	-0.26077
354H	0	0	0	0	0	0	0	0	0	0	0	0	-0.36236
503A	0	0	0	0	0	0	0	0	0	0	0	0	-0.19094
365F	0	0	0	0	0	0	0	0	0	0	0	0	0.2617
521T	0	0	0	0	0	0	0	0	0	0	0	0	-0.18529
472V	0	0	0	0	0	0	0	0	0	0	0	0	-0.1432
516G	0	0	0	0	0	0	0	0	0	1	0	0	-0.57273
519P	0	0	0	0	0	0	0	0	0	1	0	0	0.06534
402S	0	0	0	0	0	0	0	0	0	0	0	0	-3.44027
483L	0	0	0	1	0	0	0	0	0	0	0	0	-0.15539
443A	0	0	0	0	0	0	0	0	0	0	0	0	0.0213
349P	0	0	0	0	0	0	0	1	0	0	0	0	-0.51283
503L	0	0	0	0	0	0	0	0	0	0	0	0	0.06645
516D	0	0	0	0	0	0	0	0	0	1	0	0	-0.14081
486L	0	0	0	0	0	0	0	0	0	0	0	0	-0.85626
455W	1	1	0	1	0	0	0	0	0	0	0	0	0.35159
505Q	0	1	0	0	0	0	0	0	0	0	0	1	-1.44321
382A	0	0	0	0	0	0	0	0	0	0	0	0	-1.74271
343T	0	0	0	0	0	0	0	0	0	0	0	0	-1.81576
528I	0	0	0	0	0	0	0	0	0	0	0	0	-0.14803
391S	0	0	0	0	0	0	0	0	0	1	0	0	-0.48723
413D	0	0	0	0	0	0	0	0	0	0	0	0	-1.70069
520G	0	0	0	0	0	0	0	0	0	0	0	0	0.27515
413A	0	0	0	0	0	0	0	0	0	0	0	0	-1.38556
334T	0	0	0	0	0	0	0	0	0	0	0	0	-0.04102
400C	0	0	0	0	0	0	0	0	0	0	0	0	-4.51624
359R	0	0	0	0	0	0	0	0	0	0	0	0	-0.56763
434L	0	0	0	0	0	0	0	0	0	0	0	0	-0.58042
332M	0	0	0	0	0	0	0	0	0	0	0	0	-0.07754
421F	0	0	0	0	0	0	0	0	0	0	0	0	-0.1339
332L	0	0	0	0	0	0	0	0	0	0	0	0	-0.08882
504D	0	0	0	0	0	0	0	0	0	0	0	1	-0.19304
359C	0	0	0	0	0	0	0	0	0	0	0	0	-0.981
442N	0	0	0	0	0	0	0	0	0	0	0	0	-3.60556
381V	0	0	0	0	0	0	0	0	0	0	0	0	-2.81699
428V	0	0	0	0	0	0	0	0	0	0	0	0	-1.50289
458E	0	0	0	0	0	0	0	0	0	0	0	0	-0.15762
472T	1	0	0	1	0	0	0	0	0	0	0	0	-0.93594
511I	0	0	0	0	0	0	0	0	0	0	0	0	-1.59938
335V	0	0	0	0	0	0	0	0	0	0	0	0	-0.21056
408N	0	0	0	0	0	0	0	0	0	0	0	0	-0.22758
359G	0	0	0	0	0	0	0	0	0	0	0	0	-0.71599
335M	0	0	0	0	0	0	0	0	0	0	0	0	-0.44383
491L	0	0	0	0	0	0	0	0	0	0	0	0	-3.09292
445D	0	0	0	0	1	1	1	0	0	0	0	0	-0.17548
357S	0	0	0	0	0	0	0	0	1	0	0	0	-0.9971
520V	0	0	0	0	0	0	0	0	0	0	0	0	-0.42758
518R	0	0	0	0	0	0	0	0	0	1	0	0	0.00769
344N	0	0	0	0	0	0	0	0	0	0	0	0	-1.28134
518I	0	0	0	0	0	0	0	0	0	0	0	0	-0.19538
390I	0	0	0	0	0	0	0	0	0	0	0	0	-0.71248
521A	0	0	0	0	0	0	0	0	0	0	0	0	-0.30023
476A	0	0	0	0	0	0	0	0	0	0	0	0	-1.18575
360S	0	0	0	0	0	0	0	0	0	0	0	0	-1.25919
522G	0	0	0	0	0	0	0	0	0	0	0	0	-0.04788
493Y	0	1	0	0	0	0	0	0	0	0	0	0	0.86319
416*													
470S	0	0	0	0	0	0	0	0	0	0	0	0	-0.11543
430S	0	0	0	0	0	0	0	0	0	0	0	0	-1.41401
435V	0	0	0	0	0	0	0	0	0	0	0	0	-0.7513
447V	0	0	0	0	0	0	0	0	0	0	0	0	-2.51027
362L	0	0	0	0	0	0	0	0	0	0	0	0	-0.76224
486G	0	0	1	1	0	0	0	0	0	0	0	0	-1.09211
458T	0	0	0	0	0	0	0	0	0	0	0	0	-0.21084
376L	0	0	0	0	0	0	0	0	0	0	0	0	0.26414
415S	0	0	0	0	0	0	0	0	0	0	0	0	-0.01411
385S	0	0	0	0	0	0	0	0	0	0	0	0	0.03411
504V	0	0	0	0	0	0	0	0	0	0	0	1	-1.90571
339V	0	0	0	0	0	0	0	0	0	0	0	0	-0.07015
446C	0	0	0	0	0	0	0	0	0	0	0	0	-2.56318
393I	0	0	0	0	0	0	0	0	0	1	0	0	-1.211
359I	0	0	0	0	0	0	0	0	0	0	0	0	-1.41084
370K	0	0	0	0	0	0	0	0	0	0	0	0	0.28535
411G	0	0	0	0	0	0	0	0	0	0	0	0	-1.4059
417Y	0	1	0	0	0	0	0	0	0	0	0	0	1.0506
397S	0	0	0	0	0	0	0	0	0	0	0	0	-2.78273
473H	0	0	0	0	0	0	0	0	0	0	0	0	-0.39897
345A	0	0	0	0	0	0	0	0	0	0	0	0	-0.8712
408I	0	0	0	0	0	0	0	0	0	0	0	0	-1.63759
499L	0	0	0	0	1	1	0	0	0	0	0	0	-2.54695
411V	0	0	0	0	0	0	0	0	0	0	0	0	-1.94603
462E	0	0	0	0	0	0	0	0	0	1	0	0	-0.36209
482V	1	0	0	1	0	1	1	0	1	0	0	0	-1.72648
523A	0	0	0	0	0	0	0	0	0	0	0	0	-0.38534
411T	0	0	0	0	0	0	0	0	1	0	0	0	-2.02956
408G	0	0	0	0	0	0	0	0	0	0	0	0	-0.25175
388S	0	0	0	0	0	0	0	0	0	0	0	0	-0.44848
348V	0	0	0	0	0	0	0	1	0	0	0	0	-1.70127
366T	0	0	0	0	0	0	0	0	0	0	0	0	-0.1807
373T	0	0	0	0	0	0	0	0	0	0	0	0	-1.5124
410V	0	0	0	0	0	0	0	0	0	0	0	0	-1.09073
348T	0	0	0	0	0	0	0	1	0	0	0	0	-1.58106
360K	0	0	0	0	0	0	0	0	0	0	0	0	-1.58038
483G	0	0	0	1	0	0	0	0	0	0	0	0	-0.14557
471A	0	0	0	0	0	0	0	0	0	0	0	0	-0.45198
485V	1	0	0	1	0	0	0	0	1	1	1	0	-2.64841
396F	0	0	0	0	0	0	0	0	0	0	0	0	-0.42272
395L	0	0	0	0	0	0	0	0	0	0	0	0	-0.31174
341L	0	0	0	0	0	0	0	0	0	0	0	0	-1.30276
464L	0	0	0	0	0	0	0	0	0	0	0	0	-1.25994
476C	0	0	1	0	0	0	0	0	0	0	0	0	-2.76965
373L	0	0	0	0	0	0	0	0	0	0	1	0	-1.97815
337A	0	0	0	0	0	0	0	0	0	0	0	0	-0.37543
474R	0	0	0	0	0	0	0	0	0	0	0	0	-0.66712
487S	1	0	1	0	0	0	0	0	0	0	0	0	-2.07291
346V	0	0	0	0	0	0	0	1	0	0	0	0	-0.08419
416E	0	0	0	0	0	0	0	0	0	0	0	0	-4.14928
458M	0	0	0	0	0	0	0	0	0	0	0	0	-1.02464
407I	0	0	0	0	0	0	0	0	0	0	0	0	-0.27077
341A	0	0	0	0	0	0	1	1	1	1	0	1	-2.76473
405S	0	0	0	0	0	0	0	0	0	0	0	1	0.22758
510A	0	0	0	0	0	0	0	0	0	0	0	0	-3.04387
389A	0	0	0	0	0	0	0	0	0	0	0	0	-0.88737
402V	0	0	0	0	0	0	0	0	0	0	0	0	0.21492
402L	0	0	0	0	0	0	0	0	0	0	0	0	-0.19805
463A	0	0	0	0	0	0	0	0	0	1	0	0	-0.90204
491A	0	0	0	0	0	0	0	0	0	0	0	0	-1.55761
427G	0	0	0	0	0	0	0	0	0	0	0	0	-1.00303
468L	0	0	0	0	0	0	0	0	0	0	0	0	-0.01377
408S	0	0	0	0	0	0	0	0	0	0	0	0	0
417I	0	1	0	0	0	0	0	0	0	0	0	0	0.69141
361L	0	0	0	1	1	1	1	1	1	1	1	1	-1.86028
362N	0	0	0	0	0	0	0	0	0	0	0	0	-1.06189
529E	0	0	0	0	0	0	0	0	0	0	0	0	-0.13244
417H	0	1	0	0	0	0	0	0	0	0	0	0	0.61936
504S	0	0	0	0	0	0	0	0	0	0	0	0	-0.57874
372V	0	0	0	0	0	0	0	0	0	0	0	0	-0.40441
529Q	0	0	0	0	0	0	0	0	0	0	0	0	0.04657
394T	0	0	0	0	0	0	0	0	0	0	0	0	0.06946
474K	0	0	0	0	0	0	0	0	0	0	0	0	-0.87815
394K	0	0	0	0	0	0	0	0	0	0	0	0	-0.54505
482A	0	0	0	0	0	0	0	0	0	0	0	0	-0.52737
366A	0	0	0	0	0	0	0	0	0	0	0	0	-0.63516
359T	0	0	0	0	0	0	0	0	0	0	0	0	-0.05511
403T	1	1	0	0	0	0	0	0	0	0	0	1	-0.83707
468V	0	0	0	0	0	0	0	0	0	0	0	0	0.2092
371Y	0	0	0	0	0	0	0	0	0	0	0	0	0.27883
375Y	0	0	0	0	0	0	0	0	0	0	0	0	0.25728
